18.308 0 0 0.034 0 0 0.034 0 0 0.034 0 0 0.034 0 0 0.034
18.54 0 0 0.034 0 0 0.034 0 0 0.034 0 0 0.034 0 0 0.034
18.594 0 0 0.034 0 0 0.034 0 0 0.034 0 0 0.034 0 0 0.034
18.648 0.0432619 -0.0438097 0.139054 0.0317292 -0.0441144 0.17058 -0.0186774 -0.0121911 0.180544 0.000462778 7.49814e-05 0.172328 -0.0421262 0.00128724 0.153147
18.868 0.0417025 -0.0626011 0.135603 0.0271462 -0.0379087 0.162969 -0.00649943 -0.0214792 0.17058 -0.0114343 -0.0119501 0.191511 -0.0442946 0.0022858 0.187186
19.086 0.0389318 -0.0609732 0.135733 0.0270667 -0.0333812 0.149928 0.0012793 -0.0281485 0.162818 -0.0289771 -0.0287916 0.179088 -0.0557191 -0.0301308 0.172966
19.292 0.0393779 -0.0585395 0.136159 0.0341571 -0.0346025 0.143824 0.00174891 -0.0312798 0.110532 -0.0281489 -0.0293277 0.178322 -0.0545388 -0.031169 0.173869
19.508 0.0355919 -0.0550459 0.136111 0.0147434 -0.0503877 0.132818 -0.00508501 -0.0296944 0.113931 -0.0149703 -0.00676987 0.117407 -0.0222617 -0.0111582 0.119508
19.724 0.0307209 -0.0546298 0.137264 0.0099253 -0.0476502 0.133989 -0.00498803 -0.033749 0.117448 -0.0184041 -0.00855206 0.118951 -0.0291418 -0.0105006 0.111089
19.94 0.0232211 -0.0539152 0.13764 0.00418093 -0.0393721 0.125846 -0.0015314 -0.0186559 0.118501 -0.0131083 -0.0172046 0.123609 -0.0301807 -0.0215212 0.11635
20.156 0.0245035 -0.0518781 0.138713 0.00524971 -0.0224718 0.125959 -0.00108651 -0.0100119 0.127039 -0.0147599 -0.00789905 0.12956 -0.0287048 -0.0126763 0.110243
20.366 0.0276354 -0.0133494 0.14742 0.0182061 0.00239561 0.1273 0.00291111 0.00346464 0.130899 -0.0139085 -0.000106595 0.126169 -0.0298205 -0.000989962 0.119117
20.592 0.0325635 -0.0113002 0.147767 0.0257416 -0.0024393 0.128574 0.00344197 0.00168466 0.128649 -0.0126464 0.00523184 0.128021 -0.0283293 0.0147975 0.122604
20.808 0.0331585 -0.0123926 0.145948 0.0265872 0.0115868 0.126952 0.0107086 0.011831 0.127044 -0.00547593 0.0122963 0.123329 -0.0272426 0.0268884 0.110029
21.042 0.0346094 -0.0106774 0.146102 0.028628 0.00968215 0.128491 0.0105391 0.0127587 0.12585 -0.00395395 0.0157984 0.121438 -0.028071 0.0216124 0.112976
21.254 0.0352344 -0.00443873 0.142499 0.0256632 0.0133035 0.124051 0.00960553 0.013182 0.125166 -0.00451869 0.0202254 0.121662 -0.0285912 0.02429 0.111122
21.472 0.0350116 -0.00423832 0.142945 0.0277875 0.0129037 0.125093 0.00939234 0.0127632 0.125134 -0.0116551 0.0189205 0.122097 -0.0356465 0.0191101 0.114901
21.68 0.0427642 -0.0299206 0.130517 0.0179325 -0.0337855 0.138847 0.00275714 -0.0252587 0.133885 -0.0180193 -0.00932843 0.143239 -0.0369236 -0.00425265 0.121973
21.904 0.0501488 -0.0487307 0.143192 0.0259807 -0.0345895 0.144019 0.00331665 -0.0143775 0.162495 -0.0181403 -0.0615422 0.160582 -0.034958 -0.0314913 0.131914
22.122 0.0816673 -0.036866 0.13684 0.0415104 -0.0391639 0.177412 0.0108106 -0.0409387 0.207994 -0.0181249 -0.0444286 0.197564 -0.0565637 -0.0554861 0.182193
22.338 0.0915683 -0.0484051 0.128805 0.0465631 -0.0373671 0.197776 0.0132962 -0.0301691 0.217906 -0.0175547 -0.0323554 0.213283 -0.0630427 -0.0361493 0.193251
22.554 0.0903155 -0.0363151 0.127155 0.0660868 -0.019783 0.211068 0.0136987 0.00380641 0.225524 -0.0167488 -0.0337746 0.208174 -0.0667275 -0.0315761 0.199525
22.77 0.0946339 -0.0483153 0.122745 0.0647609 -0.0168698 0.217887 0.0215789 0.0091075 0.224725 -0.0114845 0.00104761 0.223774 -0.0708588 -0.00883118 0.207108
22.986 0.0967117 -0.0436195 0.121373 0.0646772 -0.00511513 0.21835 0.0217934 0.0103264 0.22619 -0.0109084 0.00190833 0.223614 -0.0705973 -0.00856161 0.20667
23.202 0.0984701 -0.0408499 0.114827 0.0638616 -0.00543851 0.218754 0.0246745 0.0102638 0.225283 -0.0113852 0.00583692 0.223924 -0.0690649 -0.0160191 0.206937
23.418 0.0981349 -0.0415428 0.114972 0.0546506 -0.00728466 0.219297 0.0201014 0.0132742 0.22338 -0.0123187 0.0057799 0.223967 -0.0699164 -0.0158086 0.206416
23.634 0.0914457 -0.0543337 0.118421 0.0522592 -0.00857046 0.217502 0.019314 0.00534673 0.225126 -0.0187934 0.00154279 0.223914 -0.0724302 -0.0164276 0.205358
23.85 0.0893876 -0.0546767 0.120096 0.0519598 -0.0231952 0.220841 0.0194974 -0.0149335 0.227167 -0.021079 -0.00131035 0.223248 -0.0717336 -0.0278355 0.20343
24.066 0.0853437 -0.0513437 0.127905 0.0335262 -0.0421322 0.213891 0.00629149 -0.0432048 0.215492 -0.0221108 -0.0336503 0.217724 -0.0651646 -0.0401371 0.197863
24.282 0.0816792 -0.0456422 0.13288 0.0334074 -0.0466638 0.208429 0.00662427 -0.0539915 0.202866 -0.0225274 -0.0489109 0.20743 -0.0569543 -0.0456012 0.192506
24.498 0.0707059 -0.0396373 0.137405 0.0288388 -0.0568627 0.199507 0.00575888 -0.0583087 0.200807 -0.0221009 -0.0583101 0.195279 -0.0532258 -0.0465338 0.187165
24.714 0.0630876 -0.0416589 0.137767 0.0236506 -0.0597007 0.189452 0.00254748 -0.0643154 0.182842 -0.022353 -0.0628169 0.182968 -0.0539602 -0.0480513 0.183963
24.93 0.0571617 -0.0447882 0.136493 0.0149975 -0.0476005 0.15222 -0.00261514 -0.0463216 0.131232 -0.0326894 -0.0305509 0.120945 -0.0392202 -0.0524525 0.132547
25.148 0.053013 -0.0400393 0.135029 0.0137931 -0.0480099 0.150964 -0.001818 -0.0411796 0.131126 -0.030531 -0.0354119 0.112749 -0.0388221 -0.0403862 0.124772
25.364 0.0467369 -0.00807273 0.157157 0.0187943 0.00340897 0.135924 0.00185249 -0.00220029 0.135423 -0.0176411 -0.0172754 0.126795 -0.0312993 -0.0236512 0.103312
25.582 0.0379216 -0.00326957 0.153015 0.0192207 0.00384326 0.135521 0.00495497 0.00608591 0.132506 -0.0153862 -0.00485034 0.123253 -0.0336551 0.0149825 0.12529
25.798 0.0300569 -0.00492397 0.145684 0.0158167 0.00446338 0.132071 0.00295705 0.013731 0.1291 -0.0202624 0.0118534 0.123496 -0.0447234 0.0240367 0.121072
26.014 0.0294825 -0.00423892 0.147911 0.0184682 -0.009571 0.126772 0.00978215 0.0107731 0.129343 -0.0125248 0.00806727 0.124617 -0.0337547 0.0223547 0.125325
26.23 0.0268188 -0.0123615 0.146446 0.0252592 -0.0130607 0.125194 0.012113 0.00554678 0.128611 -0.012403 0.0140562 0.123135 -0.0301134 0.0219503 0.120443
26.448 0.0261614 -0.0132479 0.14756 0.0253403 -0.0128736 0.122973 0.0124717 0.00520368 0.128282 -0.0113585 0.0135081 0.123896 -0.0288622 0.0236978 0.120474
26.648 0.0282062 -0.00803567 0.146432 0.0275624 -0.00895743 0.124 0.0124849 0.00559441 0.127579 -0.0130758 0.0123414 0.124247 -0.0310691 0.0151151 0.121551
26.864 0.0300805 -0.00950511 0.144908 0.0289245 -0.0102083 0.1268 0.016661 0.00375367 0.127519 -0.0151296 0.00524548 0.126988 -0.033705 0.0128266 0.125285
27.086 0.0984574 -0.0101572 0.127705 0.0552657 0.00074589 0.169134 0.021604 0.00560743 0.227384 -0.00921722 0.00338601 0.224078 -0.0619156 0.00275449 0.209204
27.306 0.101768 -0.0310279 0.124722 0.0590233 -0.0190667 0.182799 0.02482 0.0103991 0.226948 -0.0124673 -0.00129299 0.224359 -0.0622265 -0.0210139 0.209795
27.536 0.102358 -0.0300906 0.125233 0.0612538 -0.0192956 0.199851 0.0248403 0.0104248 0.226169 -0.0132515 -0.00194685 0.224155 -0.0561652 -0.0251791 0.211198
27.752 0.0785695 -0.0335279 0.135667 0.0599205 -0.0233441 0.188849 0.0232958 -0.000468084 0.226929 -0.0135399 -0.0293245 0.201025 -0.0514852 -0.0534839 0.184857
27.966 0.0619609 -0.0398077 0.135115 0.0547715 -0.0315674 0.186848 0.0166898 -0.0220048 0.219412 -0.0163451 -0.0343515 0.197906 -0.0462323 -0.0589762 0.184087
28.188 0.0450072 -0.0615343 0.13624 0.0279313 -0.0393425 0.165018 -0.00447867 -0.0217406 0.190513 -0.0140575 -0.0375405 0.173642 -0.0551407 -0.0414771 0.201987
28.404 0.0406829 -0.0619268 0.135149 0.0248707 -0.035921 0.161605 -0.0237607 -0.0211749 0.169943 -0.0136717 -0.0141577 0.197385 -0.0409664 -0.0271163 0.197047
28.618 0.0393779 -0.0585395 0.136159 0.0341571 -0.0346025 0.143824 0.00174891 -0.0312798 0.110532 -0.0281489 -0.0293277 0.178322 -0.0545388 -0.031169 0.173869
28.836 0.037118 -0.0558383 0.135742 0.020931 -0.0451144 0.141043 -0.000112249 -0.0329048 0.112192 -0.0214208 -0.00058397 0.121552 -0.0218917 -0.00939483 0.11978
29.052 0.0307209 -0.0546298 0.137264 0.0099253 -0.0476502 0.133989 -0.00498803 -0.033749 0.117448 -0.0184041 -0.00855206 0.118951 -0.0291418 -0.0105006 0.111089
29.268 0.0244432 -0.0566973 0.136508 0.00619837 -0.0396012 0.124621 -0.00041316 -0.02064 0.125426 -0.0127199 -0.0176315 0.119275 -0.0292965 -0.0224377 0.113702
29.484 0.0245035 -0.0518781 0.138713 0.00524971 -0.0224718 0.125959 -0.00108651 -0.0100119 0.127039 -0.0147599 -0.00789905 0.12956 -0.0287048 -0.0126763 0.110243
29.7 0.0292059 -0.0224486 0.148485 0.0188702 -0.00552188 0.131192 0.00392758 -0.00191425 0.136461 -0.0140271 -0.0111384 0.130341 -0.0272104 -0.0128614 0.109601
29.916 0.0325635 -0.0113002 0.147767 0.0257416 -0.0024393 0.128574 0.00344197 0.00168466 0.128649 -0.0126464 0.00523184 0.128021 -0.0283293 0.0147975 0.122604
30.132 0.031976 -0.013046 0.145916 0.0267641 0.00466163 0.129467 0.00301674 0.00652702 0.128163 -0.0113353 0.0116953 0.125395 -0.0300934 0.0191808 0.115433
30.348 0.0346094 -0.0106774 0.146102 0.028628 0.00968215 0.128491 0.0105391 0.0127587 0.12585 -0.00395395 0.0157984 0.121438 -0.028071 0.0216124 0.112976
30.564 0.0362335 -0.00756233 0.141574 0.0281514 0.0088664 0.125625 0.0108315 0.0128154 0.126341 -0.00349549 0.0169539 0.121148 -0.0290126 0.0215553 0.112772
30.78 0.0350116 -0.00423832 0.142945 0.0277875 0.0129037 0.125093 0.00939234 0.0127632 0.125134 -0.0116551 0.0189205 0.122097 -0.0356465 0.0191101 0.114901
30.996 0.0386473 -0.00581694 0.14873 0.0190513 0.00155352 0.128542 0.00176725 0.00328246 0.129117 -0.0113578 0.00279542 0.125908 -0.0409699 0.0115307 0.129655
31.212 0.0501488 -0.0487307 0.143192 0.0259807 -0.0345895 0.144019 0.00331665 -0.0143775 0.162495 -0.0181403 -0.0615422 0.160582 -0.034958 -0.0314913 0.131914
31.43 0.0598752 -0.0483511 0.141903 0.0361699 -0.0393973 0.153106 0.00283641 -0.0451503 0.209002 -0.0199892 -0.064098 0.179527 -0.0443768 -0.0598099 0.175911
31.646 0.0874904 -0.035107 0.131705 0.042059 -0.0373796 0.198578 0.0104733 -0.0302484 0.219071 -0.0212028 -0.0360814 0.209653 -0.056495 -0.0369888 0.196312
31.864 0.0903155 -0.0363151 0.127155 0.0660868 -0.019783 0.211068 0.0136987 0.00380641 0.225524 -0.0167488 -0.0337746 0.208174 -0.0667275 -0.0315761 0.199525
32.08 0.0950489 -0.0433321 0.123696 0.064926 -0.017138 0.217563 0.0203116 0.00848557 0.224497 -0.0171662 -0.0204069 0.216702 -0.0699136 -0.0103428 0.207088
32.298 0.0967117 -0.0436195 0.121373 0.0646772 -0.00511513 0.21835 0.0217934 0.0103264 0.22619 -0.0109084 0.00190833 0.223614 -0.0705973 -0.00856161 0.20667
32.516 0.0973281 -0.040592 0.116137 0.0643983 -0.0051973 0.218515 0.0242585 0.0147322 0.223405 -0.0109507 0.00586886 0.223941 -0.0691884 -0.0100794 0.207343
32.732 0.0981349 -0.0415428 0.114972 0.0546506 -0.00728466 0.219297 0.0201014 0.0132742 0.22338 -0.0123187 0.0057799 0.223967 -0.0699164 -0.0158086 0.206416
32.95 0.0978329 -0.0416701 0.115746 0.0536325 -0.00460794 0.218888 0.0192789 0.0137576 0.223366 -0.0164604 0.00296241 0.224203 -0.0707113 -0.0162636 0.206138
33.166 0.0893876 -0.0546767 0.120096 0.0519598 -0.0231952 0.220841 0.0194974 -0.0149335 0.227167 -0.021079 -0.00131035 0.223248 -0.0717336 -0.0278355 0.20343
33.38 0.0882431 -0.0542992 0.121879 0.0345675 -0.0390006 0.20869 0.0131339 -0.025299 0.225259 -0.0214736 -0.0162935 0.222486 -0.069316 -0.0288638 0.203964
33.598 0.0816792 -0.0456422 0.13288 0.0334074 -0.0466638 0.208429 0.00662427 -0.0539915 0.202866 -0.0225274 -0.0489109 0.20743 -0.0569543 -0.0456012 0.192506
33.816 0.0740088 -0.0400786 0.136573 0.0311995 -0.0498833 0.204094 0.00574113 -0.0567187 0.201349 -0.0227225 -0.0510874 0.203337 -0.0526102 -0.0462918 0.187937
34.034 0.0630876 -0.0416589 0.137767 0.0236506 -0.0597007 0.189452 0.00254748 -0.0643154 0.182842 -0.022353 -0.0628169 0.182968 -0.0539602 -0.0480513 0.183963
34.248 0.0580407 -0.0419821 0.137731 0.0118917 -0.0476223 0.160313 -0.00276256 -0.0584097 0.151329 -0.0361743 -0.0724773 0.150291 -0.0536163 -0.0708931 0.165497
34.466 0.053013 -0.0400393 0.135029 0.0137931 -0.0480099 0.150964 -0.001818 -0.0411796 0.131126 -0.030531 -0.0354119 0.112749 -0.0388221 -0.0403862 0.124772
34.682 0.0511003 -0.0351742 0.140477 0.0214267 -0.0352888 0.141147 -0.00349283 -0.0348023 0.126395 -0.0195793 -0.0372985 0.127252 -0.036365 -0.0326287 0.106974
34.902 0.0379216 -0.00326957 0.153015 0.0192207 0.00384326 0.135521 0.00495497 0.00608591 0.132506 -0.0153862 -0.00485034 0.123253 -0.0336551 0.0149825 0.12529
35.114 0.0327179 -0.00127455 0.149435 0.017235 0.00796778 0.135192 0.00390746 0.0100222 0.129234 -0.0189011 -0.00410936 0.122267 -0.0408653 0.0193941 0.123606
35.33 0.0294825 -0.00423892 0.147911 0.0184682 -0.009571 0.126772 0.00978215 0.0107731 0.129343 -0.0125248 0.00806727 0.124617 -0.0337547 0.0223547 0.125325
35.55 0.0290547 -0.00723993 0.146839 0.0196046 -0.00525397 0.127012 0.0103069 0.011097 0.12976 -0.0149761 0.0126568 0.122459 -0.0340337 0.0215714 0.12387
35.764 0.0261614 -0.0132479 0.14756 0.0253403 -0.0128736 0.122973 0.0124717 0.00520368 0.128282 -0.0113585 0.0135081 0.123896 -0.0288622 0.0236978 0.120474
35.978 0.0282062 -0.00803567 0.146432 0.0275624 -0.00895743 0.124 0.0124849 0.00559441 0.127579 -0.0130758 0.0123414 0.124247 -0.0310691 0.0151151 0.121551
36.198 0.0298979 -0.0141611 0.14322 0.0261084 -0.0175166 0.128024 0.0115197 0.00586424 0.12735 -0.0120457 0.0125263 0.123469 -0.0334915 0.0164279 0.123192
36.414 0.0984574 -0.0101572 0.127705 0.0552657 0.00074589 0.169134 0.021604 0.00560743 0.227384 -0.00921722 0.00338601 0.224078 -0.0619156 0.00275449 0.209204
36.63 0.100176 -0.011933 0.123709 0.0584939 0.00330369 0.167577 0.0247529 0.0101943 0.226972 -0.00898633 0.00185158 0.22457 -0.061686 -0.0114292 0.208261
36.846 0.102358 -0.0300906 0.125233 0.0612538 -0.0192956 0.199851 0.0248403 0.0104248 0.226169 -0.0132515 -0.00194685 0.224155 -0.0561652 -0.0251791 0.211198
37.062 0.0901627 -0.0333676 0.133838 0.0606232 -0.023217 0.192353 0.02549 -0.00148675 0.226667 -0.0135268 -0.0238565 0.211907 -0.0501393 -0.0410205 0.200808
37.278 0.0619609 -0.0398077 0.135115 0.0547715 -0.0315674 0.186848 0.0166898 -0.0220048 0.219412 -0.0163451 -0.0343515 0.197906 -0.0462323 -0.0589762 0.184087
37.494 0.0560184 -0.0557309 0.136117 0.0497426 -0.0424101 0.193412 0.0141293 -0.033129 0.208023 -0.016939 -0.0317205 0.198811 -0.0459828 -0.058736 0.184434
37.71 0.0406829 -0.0619268 0.135149 0.0248707 -0.035921 0.161605 -0.0237607 -0.0211749 0.169943 -0.0136717 -0.0141577 0.197385 -0.0409664 -0.0271163 0.197047
37.926 0.0389318 -0.0609732 0.135733 0.0270667 -0.0333812 0.149928 0.0012793 -0.0281485 0.162818 -0.0289771 -0.0287916 0.179088 -0.0557191 -0.0301308 0.172966
38.142 0.037118 -0.0558383 0.135742 0.020931 -0.0451144 0.141043 -0.000112249 -0.0329048 0.112192 -0.0214208 -0.00058397 0.121552 -0.0218917 -0.00939483 0.11978
38.358 0.0355919 -0.0550459 0.136111 0.0147434 -0.0503877 0.132818 -0.00508501 -0.0296944 0.113931 -0.0149703 -0.00676987 0.117407 -0.0222617 -0.0111582 0.119508
38.576 0.0244432 -0.0566973 0.136508 0.00619837 -0.0396012 0.124621 -0.00041316 -0.02064 0.125426 -0.0127199 -0.0176315 0.119275 -0.0292965 -0.0224377 0.113702
38.79 0.0232211 -0.0539152 0.13764 0.00418093 -0.0393721 0.125846 -0.0015314 -0.0186559 0.118501 -0.0131083 -0.0172046 0.123609 -0.0301807 -0.0215212 0.11635
39.006 0.0292059 -0.0224486 0.148485 0.0188702 -0.00552188 0.131192 0.00392758 -0.00191425 0.136461 -0.0140271 -0.0111384 0.130341 -0.0272104 -0.0128614 0.109601
39.222 0.0276354 -0.0133494 0.14742 0.0182061 0.00239561 0.1273 0.00291111 0.00346464 0.130899 -0.0139085 -0.000106595 0.126169 -0.0298205 -0.000989962 0.119117
39.444 0.031976 -0.013046 0.145916 0.0267641 0.00466163 0.129467 0.00301674 0.00652702 0.128163 -0.0113353 0.0116953 0.125395 -0.0300934 0.0191808 0.115433
39.662 0.0331585 -0.0123926 0.145948 0.0265872 0.0115868 0.126952 0.0107086 0.011831 0.127044 -0.00547593 0.0122963 0.123329 -0.0272426 0.0268884 0.110029
39.88 0.0362335 -0.00756233 0.141574 0.0281514 0.0088664 0.125625 0.0108315 0.0128154 0.126341 -0.00349549 0.0169539 0.121148 -0.0290126 0.0215553 0.112772
40.096 0.0352344 -0.00443873 0.142499 0.0256632 0.0133035 0.124051 0.00960553 0.013182 0.125166 -0.00451869 0.0202254 0.121662 -0.0285912 0.02429 0.111122
40.314 0.0386473 -0.00581694 0.14873 0.0190513 0.00155352 0.128542 0.00176725 0.00328246 0.129117 -0.0113578 0.00279542 0.125908 -0.0409699 0.0115307 0.129655
40.53 0.0427642 -0.0299206 0.130517 0.0179325 -0.0337855 0.138847 0.00275714 -0.0252587 0.133885 -0.0180193 -0.00932843 0.143239 -0.0369236 -0.00425265 0.121973
40.746 0.0598752 -0.0483511 0.141903 0.0361699 -0.0393973 0.153106 0.00283641 -0.0451503 0.209002 -0.0199892 -0.064098 0.179527 -0.0443768 -0.0598099 0.175911
40.964 0.0816673 -0.036866 0.13684 0.0415104 -0.0391639 0.177412 0.0108106 -0.0409387 0.207994 -0.0181249 -0.0444286 0.197564 -0.0565637 -0.0554861 0.182193
41.168 0.0915683 -0.0484051 0.128805 0.0465631 -0.0373671 0.197776 0.0132962 -0.0301691 0.217906 -0.0175547 -0.0323554 0.213283 -0.0630427 -0.0361493 0.193251
41.4 0.0950489 -0.0433321 0.123696 0.064926 -0.017138 0.217563 0.0203116 0.00848557 0.224497 -0.0171662 -0.0204069 0.216702 -0.0699136 -0.0103428 0.207088
41.616 0.0946339 -0.0483153 0.122745 0.0647609 -0.0168698 0.217887 0.0215789 0.0091075 0.224725 -0.0114845 0.00104761 0.223774 -0.0708588 -0.00883118 0.207108
41.83 0.0973281 -0.040592 0.116137 0.0643983 -0.0051973 0.218515 0.0242585 0.0147322 0.223405 -0.0109507 0.00586886 0.223941 -0.0691884 -0.0100794 0.207343
42.016 0.0984701 -0.0408499 0.114827 0.0638616 -0.00543851 0.218754 0.0246745 0.0102638 0.225283 -0.0113852 0.00583692 0.223924 -0.0690649 -0.0160191 0.206937
