2.56832 0 0 0.034 0 0 0.034 0 0 0.034 0 0 0.034 0 0 0.034
2.76881 0 0 0.034 0 0 0.034 0 0 0.034 0 0 0.034 0 0 0.034
2.81906 0 0 0.034 0 0 0.034 0 0 0.034 0 0 0.034 0 0 0.034
2.86918 0 0 0.034 0 0 0.034 0 0 0.034 0 0 0.034 0 0 0.034
2.91935 0.0293121 -0.0146514 0.129748 0.00339073 -0.0248896 0.163949 -0.0140856 -0.0378044 0.160328 -0.0336187 -0.0400889 0.146722 -0.0149896 -0.00471448 0.194931
3.11971 0.0227776 -0.0522395 0.129 -3.79227e-05 -0.0498841 0.17205 -0.0139181 -0.0377108 0.159956 -0.0333897 -0.0599836 0.175694 -0.0388896 -0.049748 0.18759
3.31991 0.0361815 -0.0631654 0.128783 0.0189917 -0.0553195 0.207147 -0.0230239 -0.0540737 0.178408 -0.0329385 -0.0601676 0.175895 -0.0455869 -0.0435209 0.187138
3.52022 0.043014 -0.0502702 0.124191 0.0201897 -0.050158 0.211717 -0.00287648 -0.0483716 0.207697 -0.0241443 -0.0500119 0.201622 -0.0510791 -0.0432821 0.186844
3.72055 0.0782743 -0.0460471 0.132544 0.0258581 -0.0487986 0.211869 0.00216903 -0.0361859 0.216198 -0.0235385 -0.0272955 0.217044 -0.0545923 -0.0273764 0.202948
3.92082 0.0764855 -0.0432458 0.13772 0.0256185 -0.0405333 0.217545 0.0064986 -0.025661 0.224343 -0.022389 -0.0232164 0.21905 -0.0550232 -0.0135512 0.210638
4.12123 0.0802903 -0.0365037 0.141058 0.0302969 -0.03683 0.219254 0.00627715 -0.0198242 0.226102 -0.022622 -0.0180354 0.220029 -0.0543657 -0.013505 0.21016
4.32151 0.0778334 -0.0364908 0.141156 0.0301297 -0.0350468 0.218243 0.00791046 -0.0205813 0.22537 -0.0217739 -0.0170289 0.22064 -0.0536004 -0.012496 0.211253
4.52187 0.0802851 -0.0413603 0.134469 0.0340238 -0.0302384 0.219506 0.00839922 -0.0179965 0.226746 -0.0221468 -0.0186438 0.220288 -0.0544008 -0.0138278 0.209748
4.72207 0.0837374 -0.031619 0.138179 0.035751 -0.02768 0.220412 0.012264 -0.0175057 0.226743 -0.0199436 -0.0161363 0.221622 -0.0566443 -0.0114838 0.210741
4.92227 0.0819671 -0.0387361 0.136517 0.036079 -0.0309734 0.219297 0.00826068 -0.0183599 0.226812 -0.0201493 -0.0152338 0.221919 -0.0577475 -0.0116915 0.210053
5.12253 0.0816495 -0.0417986 0.133013 0.0372051 -0.0310207 0.22058 0.0124963 -0.0173065 0.227092 -0.0200216 -0.0154512 0.221663 -0.0578067 -0.0120677 0.207995
5.32277 0.0833556 -0.0395035 0.136125 0.0399909 -0.0308074 0.220816 0.0118842 -0.0181878 0.226292 -0.0172578 -0.013167 0.220609 -0.0572146 -0.0101665 0.208726
5.52294 0.0802794 -0.0417685 0.13693 0.0376335 -0.0319129 0.220629 0.00819575 -0.0229885 0.224451 -0.0204064 -0.0133178 0.220505 -0.0567001 -0.00884038 0.207531
5.72308 0.0795752 -0.0416624 0.137912 0.0333058 -0.0323947 0.218589 0.00513297 -0.022341 0.2246 -0.0254067 -0.0171939 0.218314 -0.0562545 -0.0141487 0.202983
5.92324 0.0783856 -0.0409913 0.137475 0.0326523 -0.0304402 0.219382 0.00315187 -0.0228234 0.224338 -0.0254152 -0.0159393 0.220995 -0.0580783 -0.012042 0.209803
6.12348 0.0792965 -0.0362445 0.139197 0.0328478 -0.0301072 0.22014 0.00258703 -0.0216629 0.224903 -0.0248665 -0.0211285 0.218667 -0.0556318 -0.0132146 0.209555
6.32363 0.0794282 -0.0362069 0.139147 0.0332041 -0.0301983 0.219982 0.00138699 -0.0222457 0.224225 -0.0254624 -0.0229352 0.21793 -0.0556316 -0.0149879 0.20883
6.52383 0.0792752 -0.0366965 0.140817 0.0305164 -0.0300375 0.219697 0.00138699 -0.0222457 0.224225 -0.021372 -0.0228759 0.218413 -0.0558319 -0.0155591 0.209156
6.72411 0.0787434 -0.0362363 0.139121 0.0341516 -0.0307672 0.219719 -7.60472e-05 -0.0262607 0.221645 -0.0213888 -0.022674 0.21899 -0.0556521 -0.0238275 0.206014
6.9244 0.0777436 -0.0353368 0.141183 0.030517 -0.0290578 0.219968 0.00127323 -0.026598 0.221271 -0.0216417 -0.0226405 0.218961 -0.0567545 -0.0222609 0.206621
7.12479 0.0802505 -0.0370047 0.139749 0.0295855 -0.0302666 0.219112 0.00169564 -0.0239926 0.222758 -0.0219324 -0.0177813 0.219794 -0.0572841 -0.0174298 0.208698
7.32527 0.0788834 -0.0381131 0.135887 0.0356376 -0.0273587 0.219974 0.00765528 -0.0180563 0.225671 -0.0226143 -0.0158855 0.218782 -0.0511866 -0.010798 0.210261
7.52565 0.0777303 -0.0385269 0.136405 0.0378596 -0.0287165 0.218736 0.0115731 -0.0185183 0.225649 -0.0215587 -0.0150812 0.217908 -0.0457927 -0.0103556 0.21164
7.72591 0.0822068 -0.0441544 0.130793 0.0413303 -0.028857 0.217785 0.0142596 -0.0168338 0.225542 -0.0189926 -0.0179472 0.217167 -0.0488187 -0.0106027 0.210495
7.92642 0.0841958 -0.0394715 0.128922 0.0423146 -0.0286921 0.218039 0.0142154 -0.0167306 0.225527 -0.0187753 -0.0150427 0.219399 -0.049866 -0.0113449 0.210497
8.12692 0.0842714 -0.0369533 0.132423 0.0424845 -0.0279067 0.219492 0.0126882 -0.0163838 0.225879 -0.0186119 -0.0172015 0.219356 -0.0519845 -0.0115205 0.210254
8.32717 0.0848507 -0.0351201 0.132725 0.0409945 -0.0248519 0.220587 0.0127686 -0.016494 0.226011 -0.0207794 -0.014813 0.220501 -0.0567108 -0.010123 0.209775
8.52745 0.0852894 -0.0334898 0.133668 0.0426696 -0.0247102 0.220743 0.0126902 -0.0161721 0.225984 -0.02159 -0.0131667 0.220784 -0.0579422 -0.0101659 0.209349
8.72772 0.0853218 -0.033239 0.134761 0.0405198 -0.02573 0.220853 0.0120521 -0.0189681 0.225831 -0.0211991 -0.0133864 0.221636 -0.0565259 -0.013463 0.210031
8.92803 0.0817595 -0.0388978 0.132376 0.0410966 -0.0244841 0.219184 0.0125992 -0.016569 0.226197 -0.0207657 -0.0129095 0.220833 -0.0561971 -0.0118042 0.209833
9.1283 0.0825959 -0.0404797 0.135562 0.0418704 -0.0284634 0.219582 0.0126935 -0.0192141 0.22558 -0.0219498 -0.0127449 0.220965 -0.0565635 -0.0137599 0.210348
9.32845 0.0803006 -0.0450096 0.131921 0.0401219 -0.028368 0.219961 0.00931489 -0.0242098 0.223202 -0.0208625 -0.0225124 0.217173 -0.0542663 -0.0171219 0.209985
9.52871 0.0660362 -0.0381809 0.107384 0.036306 -0.0263937 0.217819 0.00962224 -0.0210307 0.22405 -0.0207749 -0.0232429 0.217039 -0.0542311 -0.0158517 0.211098
9.72892 0.0814739 -0.04047 0.136974 0.0358959 -0.0320317 0.218993 0.00962593 -0.024224 0.22233 -0.020928 -0.0234865 0.217118 -0.0520661 -0.017388 0.211484
9.93063 0.0795167 -0.0371803 0.133588 0.0357935 -0.0268849 0.219618 0.00969419 -0.022455 0.223277 -0.0208522 -0.0235553 0.217144 -0.051309 -0.0232117 0.20883
10.1311 0.0801506 -0.0386124 0.139988 0.0348411 -0.0327208 0.219615 0.0076698 -0.0228029 0.223076 -0.0240143 -0.0227899 0.216779 -0.0516945 -0.0155045 0.208336
10.3315 0.0793142 -0.0390922 0.140158 0.0344085 -0.0320218 0.219742 0.00651119 -0.0253159 0.222563 -0.0222283 -0.0245346 0.216211 -0.0510653 -0.023249 0.206814
10.5318 0.0808738 -0.0304618 0.140781 0.034228 -0.0278414 0.218603 0.00626672 -0.0242986 0.222732 -0.0236687 -0.0263713 0.214158 -0.0498954 -0.0214636 0.209129
10.7319 0.082075 -0.0283843 0.141409 0.037826 -0.0277783 0.217876 0.0122253 -0.02357 0.222167 -0.0221979 -0.0250447 0.215746 -0.0468773 -0.020869 0.208924
10.9323 0.082075 -0.0283843 0.141409 0.0377276 -0.02802 0.21777 0.0122561 -0.0233633 0.222252 -0.0221488 -0.0249126 0.215676 -0.0468773 -0.020869 0.208924
11.1327 0.0809802 -0.0339577 0.138427 0.0383583 -0.0302779 0.218428 0.0122924 -0.0187959 0.225611 -0.0268299 -0.0230589 0.214684 -0.0516044 -0.0140485 0.210707
11.333 0.0776233 -0.043086 0.137461 0.0383001 -0.0320041 0.219217 0.0112338 -0.0243833 0.222855 -0.0213248 -0.0234282 0.21629 -0.0504906 -0.0128171 0.206717
11.5333 0.0763876 -0.0450399 0.135953 0.0328889 -0.0340512 0.218494 0.00840922 -0.02214 0.224107 -0.0223847 -0.0235314 0.215947 -0.0532921 -0.014454 0.206765
11.7337 0.0788954 -0.0444687 0.135735 0.0379511 -0.0350222 0.217615 0.00817359 -0.0238983 0.223273 -0.0222183 -0.0231136 0.215995 -0.0533201 -0.013939 0.208975
11.934 0.0792635 -0.0446158 0.135404 0.0378052 -0.0350003 0.217485 0.00798013 -0.0237974 0.222822 -0.0224152 -0.0229297 0.216116 -0.0532789 -0.013693 0.208992
12.1343 0.0797824 -0.0443931 0.136811 0.034103 -0.0360429 0.216118 0.00863596 -0.0233907 0.222785 -0.0224045 -0.0225264 0.217158 -0.0543845 -0.0144048 0.207913
12.3345 0.0803949 -0.0407073 0.139488 0.0343831 -0.0358262 0.216617 0.00789263 -0.0241708 0.22239 -0.0228621 -0.0222293 0.217394 -0.0547207 -0.0184149 0.20606
12.5347 0.0821759 -0.0369014 0.139203 0.0387658 -0.0320387 0.218406 0.0117544 -0.0224588 0.223554 -0.0228578 -0.0238725 0.217099 -0.0555631 -0.0214827 0.206806
12.735 0.0797348 -0.0393858 0.138446 0.034864 -0.0343038 0.218156 0.0100456 -0.0238524 0.223648 -0.0241918 -0.0231539 0.217171 -0.055335 -0.0230434 0.206317
12.9352 0.0803925 -0.0387411 0.138822 0.0345378 -0.0367869 0.216876 0.00818067 -0.0224281 0.224551 -0.0246715 -0.0228154 0.217382 -0.0569543 -0.023274 0.205485
13.1354 0.0811337 -0.0372177 0.137322 0.039303 -0.0317948 0.218845 0.01241 -0.0219336 0.224268 -0.0243456 -0.0229295 0.217528 -0.0553869 -0.0203115 0.207162
13.3357 0.077075 -0.0465487 0.139493 0.0355963 -0.0395421 0.218009 0.00690225 -0.022593 0.224221 -0.0229835 -0.0220385 0.218165 -0.055582 -0.0149573 0.203161
13.536 0.0793206 -0.0469352 0.136262 0.0365137 -0.033279 0.218417 0.0100051 -0.022878 0.224304 -0.0231555 -0.0232565 0.21734 -0.056557 -0.0154675 0.205224
13.7362 0.0825982 -0.0429295 0.135718 0.0386755 -0.0337312 0.216974 0.0119315 -0.0223452 0.22417 -0.0203213 -0.0229555 0.217784 -0.0551714 -0.0158086 0.205538
13.9364 0.0818752 -0.0433567 0.135833 0.0384375 -0.0328731 0.217532 0.0115244 -0.0231182 0.224032 -0.0211251 -0.0234099 0.217228 -0.0523726 -0.0151201 0.207477
14.1367 0.0829112 -0.0441102 0.134314 0.0407096 -0.0279475 0.219464 0.0156149 -0.0211095 0.224435 -0.0194436 -0.0191139 0.21871 -0.0525605 -0.013747 0.208329
14.337 0.0920863 -0.0331455 0.135061 0.0476602 -0.0263291 0.219504 0.0157507 -0.0170625 0.225516 -0.0193524 -0.0135963 0.219705 -0.0529114 -0.0107097 0.209942
14.5372 0.0990713 -0.0274833 0.129761 0.0524828 -0.0145146 0.222007 0.0179774 0.000468993 0.228747 -0.0202892 -0.0010828 0.223433 -0.0662038 0.00276822 0.209044
14.7374 0.100632 -0.0287047 0.126896 0.0530225 -0.0141145 0.221926 0.0191214 0.000693141 0.228569 -0.0211377 0.00414956 0.22404 -0.0664324 0.00187214 0.208599
14.9379 0.10057 -0.0330141 0.127266 0.0525189 -0.0158818 0.221701 0.0184488 0.000310238 0.228593 -0.0207673 0.00585268 0.223916 -0.0689425 0.00260561 0.207081
15.1382 0.101243 -0.0338625 0.126084 0.0528681 -0.0160399 0.222141 0.0182466 0.000500519 0.228595 -0.0212493 0.00633551 0.22383 -0.0678334 0.00506687 0.205959
15.3385 0.101442 -0.0333703 0.126161 0.0525383 -0.0159174 0.222251 0.0194812 0.000515123 0.228351 -0.0213784 0.00643742 0.223764 -0.0685397 0.00732285 0.206248
15.5388 0.0998455 -0.0410402 0.125149 0.0494464 -0.0158835 0.222639 0.0196523 -0.0009601 0.228237 -0.0213731 0.00426822 0.223568 -0.0687736 0.0133838 0.206669
15.7389 0.100656 -0.0377453 0.125436 0.0534608 -0.015915 0.221958 0.0202575 -0.000896384 0.228519 -0.0216695 0.00297972 0.223512 -0.0691675 0.00907862 0.206359
15.9391 0.0999229 -0.0381202 0.125115 0.0527389 -0.0157375 0.222049 0.0179836 -0.00447259 0.228391 -0.022864 0.00058926 0.22343 -0.0690495 0.00893916 0.206758
16.1394 0.0966203 -0.0468367 0.124037 0.0498814 -0.0205723 0.222047 0.0171074 -0.00580968 0.228633 -0.0229296 0.000834129 0.22308 -0.0698899 0.00991823 0.205435
16.3397 0.0964887 -0.0491273 0.124349 0.0542192 -0.0208128 0.221371 0.0181134 -0.00574256 0.228492 -0.0213548 0.000919298 0.223305 -0.0695267 0.00956078 0.205912
16.54 0.0962457 -0.0489701 0.124665 0.0495073 -0.0180829 0.222325 0.0170731 -0.00609236 0.227946 -0.0215321 0.00132839 0.223298 -0.0705224 0.00996516 0.204917
16.7402 0.0975624 -0.0464136 0.124548 0.0494685 -0.0174883 0.222144 0.0170789 -0.00496889 0.228118 -0.0215943 0.00225248 0.223063 -0.071285 0.00869003 0.204354
16.9405 0.0980735 -0.0421116 0.124397 0.0487858 -0.0170469 0.22237 0.0156874 -0.00538446 0.228151 -0.0270871 -0.00513805 0.222185 -0.0722079 0.00644175 0.205826
17.1409 0.0978992 -0.0418149 0.124715 0.0487042 -0.0168532 0.222632 0.015307 -0.0046931 0.228348 -0.0271671 -0.00529853 0.222091 -0.0715581 0.00584868 0.205891
17.3412 0.0990683 -0.0390224 0.126679 0.0484708 -0.0172869 0.222931 0.0187618 -0.00249697 0.228219 -0.0241859 -0.00517224 0.222867 -0.0711603 0.00617555 0.20569
17.5415 0.0993328 -0.0385677 0.127294 0.0493799 -0.0170306 0.222751 0.0187585 -0.00469659 0.227962 -0.0243087 -0.00275178 0.223246 -0.0717127 0.00563996 0.205018
17.7418 0.101264 -0.0340818 0.126842 0.0491231 -0.0156178 0.222688 0.0190234 -0.00258804 0.228188 -0.0217829 -0.00195453 0.223728 -0.071814 0.00536127 0.205066
17.942 0.101686 -0.0334094 0.126392 0.0507158 -0.01575 0.222388 0.0203593 -0.000938178 0.227996 -0.0211789 -0.00207919 0.223811 -0.0716978 0.00559981 0.206725
18.1423 0.101392 -0.0330619 0.127192 0.049889 -0.015759 0.222604 0.0190759 -0.000929775 0.228317 -0.0212224 0.000995211 0.224175 -0.0718704 0.00537297 0.207153
18.3427 0.104698 -0.0346971 0.121575 0.056103 -0.0162632 0.220798 0.0212566 -0.00111272 0.228378 -0.0192789 0.00022662 0.223624 -0.0694435 0.00913405 0.208444
18.543 0.101678 -0.0436941 0.12079 0.0562293 -0.0194359 0.22049 0.0219944 -0.00333545 0.228125 -0.0167093 0.000784196 0.22385 -0.0677144 0.0113235 0.206385
18.7432 0.101554 -0.0435946 0.121702 0.0521939 -0.0206477 0.221003 0.0219835 -0.00350845 0.227798 -0.0167056 5.00649e-06 0.223689 -0.0684544 0.0112073 0.206278
18.9433 0.102597 -0.0411669 0.121523 0.0561099 -0.0194815 0.220588 0.021392 -0.00338029 0.228301 -0.0166675 0.000227113 0.224295 -0.0678554 0.00938184 0.208522
19.1439 0.10057 -0.0398689 0.124074 0.0498835 -0.02044 0.221812 0.0201709 -0.00282047 0.228178 -0.0160399 -0.000607912 0.224357 -0.0654496 0.00950314 0.209206
19.3442 0.0991321 -0.0378944 0.126538 0.0494851 -0.0139152 0.222951 0.0184329 -0.00292314 0.228189 -0.0193631 -0.000500415 0.224351 -0.0683734 0.00888753 0.208509
19.5445 0.099704 -0.036649 0.126244 0.0494079 -0.0141669 0.222919 0.0183357 -0.000614545 0.22827 -0.019191 -0.000740358 0.224047 -0.0680204 0.00879967 0.208533
19.7448 0.0991402 -0.0370177 0.126489 0.0494959 -0.014326 0.222269 0.0183305 -6.14504e-05 0.228329 -0.0193105 -0.000803561 0.224036 -0.0682068 0.00910655 0.208002
19.9507 0.101343 -0.0357612 0.125361 0.0518279 -0.0144168 0.222237 0.019712 -0.00034069 0.228571 -0.0186869 0.00175605 0.22381 -0.0688525 0.00831692 0.207238
20.1509 0.100484 -0.0372796 0.124798 0.0517593 -0.0147438 0.221861 0.0197156 -0.000462532 0.228522 -0.0186908 0.00211936 0.223872 -0.0693084 0.010523 0.207606
20.3512 0.0967663 -0.0470329 0.123818 0.0538305 -0.0210279 0.220598 0.0206312 -0.00086983 0.228311 -0.0190001 0.00270635 0.22398 -0.0671378 0.0128302 0.208693
20.5515 0.0967631 -0.0464441 0.124347 0.0516756 -0.0207767 0.221329 0.0196177 -0.00488884 0.228186 -0.0194199 0.00199743 0.223874 -0.0693807 0.010645 0.207188
20.7517 0.0981119 -0.0484415 0.120785 0.0526128 -0.0171923 0.221481 0.0210091 -0.000980122 0.228362 -0.0178165 0.00270356 0.223699 -0.0661507 0.0111964 0.208522
20.9519 0.102446 -0.038474 0.120517 0.0525867 -0.0123229 0.221297 0.0209634 0.00083898 0.228134 -0.0178893 0.0027104 0.22392 -0.0665309 0.0109966 0.208901
21.1521 0.102576 -0.0316668 0.12463 0.0521648 -0.0124559 0.221914 0.018742 0.000636856 0.228448 -0.0196076 0.00250532 0.223869 -0.0694602 0.00475191 0.206661
21.3524 0.10222 -0.0387091 0.120762 0.0533769 -0.0126011 0.221319 0.0209431 0.000900556 0.22794 -0.018062 0.00292996 0.223968 -0.0686895 0.0093272 0.208074
21.5526 0.0996979 -0.0354673 0.127628 0.0515003 -0.0178913 0.221868 0.0185707 -0.00101744 0.228558 -0.0196158 0.0023732 0.224348 -0.0683039 0.00490178 0.20689
21.7527 0.0963364 -0.0444668 0.1269 0.050883 -0.0181117 0.222278 0.0184074 -0.00359274 0.228582 -0.0196298 0.00234886 0.224326 -0.0683509 0.00794054 0.207065
21.9529 0.0963364 -0.0444668 0.1269 0.0508552 -0.0180721 0.222256 0.0182399 -0.00357152 0.228601 -0.0196872 0.00235708 0.224307 -0.0683136 0.00782051 0.207146
22.1533 0.0964243 -0.0445114 0.126974 0.0496551 -0.0185781 0.22236 0.0182563 -0.00343917 0.228604 -0.0200883 -0.00284041 0.223691 -0.0673747 0.00339544 0.206616
22.3553 0.0944471 -0.0480412 0.127143 0.0481449 -0.0224241 0.22172 0.0168589 -0.00647619 0.228475 -0.020813 -0.00696722 0.222413 -0.0676648 -0.000841007 0.206871
22.5556 0.0873487 -0.0597346 0.124235 0.0451646 -0.0319136 0.216771 0.0174617 -0.0166726 0.226506 -0.0213786 -0.00690242 0.222639 -0.0681236 0.000311054 0.208028
22.7559 0.0865677 -0.0622128 0.12392 0.0422967 -0.0345972 0.217052 0.0179763 -0.019528 0.225401 -0.0219132 -0.0179473 0.218615 -0.0625489 -0.00996174 0.206762
22.9561 0.0806527 -0.0686752 0.128027 0.0424864 -0.040237 0.216308 0.0137841 -0.0226574 0.224131 -0.0194933 -0.0219628 0.216207 -0.0582803 -0.0101031 0.205248
23.1565 0.053594 -0.0877995 0.125423 0.0284167 -0.0550669 0.206241 0.0156497 -0.0299039 0.219966 -0.013371 -0.0213247 0.216653 -0.0496261 -0.00971222 0.207881
23.3568 0.0401505 -0.0901361 0.123516 0.0266873 -0.0674329 0.195493 0.0111693 -0.0330511 0.217243 -0.0200365 -0.0238569 0.213658 -0.048703 -0.0111913 0.205716
23.557 0.0309881 -0.086488 0.121669 0.0249011 -0.0696553 0.190142 0.0120489 -0.0324693 0.217565 -0.0208372 -0.0254214 0.212352 -0.0485216 -0.010634 0.204493
23.7572 0.0271614 -0.0883705 0.123147 0.0190957 -0.0695268 0.184606 0.0123436 -0.0333484 0.217563 -0.0215864 -0.024871 0.21094 -0.048017 -0.0095476 0.204106
23.9575 0.0279859 -0.0861941 0.125359 0.0187635 -0.0726091 0.176328 0.0116522 -0.0347051 0.216333 -0.0216933 -0.0251128 0.21047 -0.0467817 -0.0103101 0.203972
24.1579 0.0257417 -0.0805628 0.128089 0.0177231 -0.0739636 0.176355 0.0116933 -0.0343888 0.216498 -0.0214198 -0.0243068 0.210838 -0.0471262 -0.00580481 0.206185
24.3583 0.0233242 -0.0825038 0.132202 0.0174412 -0.0757086 0.168317 0.0125059 -0.0347567 0.216201 -0.0214807 -0.0239318 0.209278 -0.0466677 -0.00572044 0.206326
24.5586 0.0205589 -0.0757046 0.13467 0.0182519 -0.0757128 0.166251 0.0146184 -0.0333431 0.217152 -0.0217776 -0.021417 0.21082 -0.0437998 0.00321701 0.207745
24.759 0.0159516 -0.0743858 0.132118 0.0175177 -0.0749512 0.165703 0.0145383 -0.0325032 0.217514 -0.0221398 -0.0196529 0.211682 -0.0438972 0.00357508 0.208117
24.961 0.0164091 -0.0741649 0.133684 0.0183611 -0.0743682 0.16507 0.0147512 -0.030897 0.217552 -0.0249622 -0.0191303 0.211166 -0.0441736 0.00301474 0.208564
25.1613 0.0166608 -0.0725455 0.136681 0.0185284 -0.0728087 0.166088 0.0149043 -0.0297569 0.218364 -0.0244095 -0.0184228 0.212014 -0.0477133 0.00366565 0.20906
25.3616 0.0194257 -0.0739958 0.138885 0.0178061 -0.0764407 0.161159 0.0109188 -0.0305994 0.218262 -0.0237202 -0.0149147 0.214764 -0.0493352 0.00816189 0.209628
25.5618 0.0186344 -0.072072 0.137457 0.0203119 -0.0767235 0.163477 0.0136068 -0.0312687 0.219331 -0.0219407 -0.0153121 0.214868 -0.0490893 0.00680558 0.208372
25.762 0.0164613 -0.0722339 0.135753 0.0233162 -0.0776697 0.166367 0.0116827 -0.0308667 0.219809 -0.0214972 -0.0155359 0.215121 -0.051171 0.00680981 0.207808
25.9622 0.0199136 -0.071776 0.13753 0.0201248 -0.0774827 0.163356 0.0117525 -0.0302608 0.220154 -0.0218489 -0.0155594 0.21406 -0.0522931 0.00678343 0.206818
26.1625 0.0181677 -0.0717654 0.136435 0.021229 -0.076996 0.161828 0.0127466 -0.0303522 0.220711 -0.0219834 -0.015619 0.214602 -0.0517814 0.0067218 0.207621
26.3628 0.0240778 -0.0684885 0.139424 0.0232508 -0.0761995 0.16538 0.0137675 -0.0291302 0.221286 -0.0199401 -0.0150706 0.213715 -0.0522189 0.00399992 0.206543
26.5633 0.0257217 -0.06831 0.138255 0.020318 -0.0760604 0.159158 0.0149392 -0.0289907 0.220754 -0.0194106 -0.0129891 0.215076 -0.0503621 0.00530798 0.206718
26.7636 0.0224574 -0.0684672 0.137835 0.0186952 -0.0772425 0.160561 0.0134508 -0.0293672 0.219635 -0.0191065 -0.0129767 0.215286 -0.0502581 0.00760641 0.207823
26.9638 0.0237982 -0.0677742 0.138775 0.0189845 -0.0770721 0.159758 0.0151713 -0.0292892 0.219638 -0.018358 -0.0129792 0.214985 -0.0497995 0.00892856 0.207944
27.1641 0.0233329 -0.0711215 0.136733 0.0196254 -0.0777731 0.1574 0.0180794 -0.0281196 0.220699 -0.0170887 -0.0133744 0.215079 -0.0506073 0.0119558 0.208111
27.3643 0.0203195 -0.0726438 0.134298 0.0170554 -0.0769645 0.154088 0.0149262 -0.0288132 0.220137 -0.0229615 -0.0149221 0.211808 -0.049552 0.0117651 0.207171
27.5646 0.020424 -0.0726469 0.134368 0.0179522 -0.0785262 0.156074 0.0141117 -0.0293216 0.220505 -0.0214726 -0.0159165 0.212292 -0.0495 0.0110735 0.206924
27.7648 0.020045 -0.0725871 0.135286 0.019098 -0.0795994 0.159287 0.0143825 -0.0284557 0.221214 -0.0224457 -0.0159202 0.212387 -0.0511003 0.00993864 0.207097
27.965 0.023269 -0.0717528 0.136163 0.0190797 -0.0806913 0.157166 0.0160073 -0.0281958 0.221132 -0.0206325 -0.0150946 0.212936 -0.0507825 0.00756523 0.205533
28.1653 0.0264272 -0.06683 0.140631 0.0195129 -0.0767038 0.161442 0.015372 -0.0289043 0.220261 -0.0195975 -0.0141751 0.213716 -0.051073 0.00761855 0.205497
28.3657 0.0268552 -0.0674566 0.139738 0.0199841 -0.077342 0.161805 0.0156545 -0.0282371 0.220947 -0.0194031 -0.0140937 0.213727 -0.0525206 0.00992453 0.206041
28.5659 0.0202273 -0.0676806 0.138411 0.021325 -0.0769716 0.163478 0.0138138 -0.0296579 0.220486 -0.0190699 -0.0132646 0.213804 -0.0515803 0.012508 0.207821
28.7662 0.0188119 -0.0681019 0.138524 0.0209546 -0.0757234 0.165915 0.013665 -0.0291075 0.220745 -0.0192261 -0.0123548 0.214068 -0.0511846 0.0125824 0.207802
28.9664 0.0170612 -0.071853 0.136279 0.0219289 -0.0770684 0.166013 0.015475 -0.0297559 0.220628 -0.0182677 -0.0115421 0.21448 -0.0451554 0.0137082 0.208548
29.1668 0.0208511 -0.0698658 0.138061 0.0262752 -0.0765522 0.16482 0.0154569 -0.0285759 0.220505 -0.0182304 -0.012748 0.21496 -0.0454539 0.0133317 0.208118
29.3672 0.0219512 -0.0690571 0.137091 0.0249816 -0.0755383 0.160883 0.0161476 -0.0287971 0.220628 -0.0179776 -0.0138705 0.214627 -0.0477373 0.0102057 0.207211
29.5675 0.0219363 -0.0700386 0.135364 0.0255154 -0.0759407 0.161851 0.0162572 -0.0300228 0.219843 -0.0180233 -0.0145092 0.214773 -0.047311 0.0103852 0.207678
29.7678 0.0234813 -0.0705378 0.136191 0.0240202 -0.0770238 0.160419 0.0149177 -0.0312429 0.218817 -0.0181733 -0.0150019 0.214953 -0.0485182 0.00955056 0.208213
29.968 0.0240604 -0.0690574 0.139221 0.0258516 -0.0782654 0.164334 0.0135951 -0.03172 0.218948 -0.0205943 -0.0136009 0.214747 -0.0518889 0.00992919 0.207153
30.1682 0.0228377 -0.0693772 0.13992 0.0201046 -0.07695 0.168996 0.0117007 -0.0312004 0.218979 -0.0215998 -0.0132293 0.214683 -0.0523227 0.0114629 0.206872
30.3685 0.0248996 -0.0668703 0.139876 0.0183247 -0.0786561 0.166599 0.0115951 -0.031637 0.219241 -0.0220275 -0.0121771 0.21441 -0.0530279 0.0109551 0.205758
30.5688 0.022985 -0.0660922 0.139749 0.0164652 -0.0801142 0.166417 0.0101936 -0.0321843 0.219861 -0.0234599 -0.0122502 0.214276 -0.0550664 0.011382 0.204657
30.769 0.0228413 -0.067924 0.140161 0.0202056 -0.0791664 0.159263 0.0102472 -0.0319707 0.220153 -0.0235281 -0.0117381 0.214757 -0.053298 0.0111362 0.206126
30.9692 0.0210937 -0.0669669 0.139671 0.0247886 -0.0843303 0.162947 0.00900939 -0.0320776 0.219719 -0.0233884 -0.012454 0.214984 -0.053273 0.0117118 0.206396
31.1696 0.0205571 -0.0699003 0.140206 0.0253134 -0.0844449 0.163628 0.00902072 -0.0310032 0.219448 -0.0236885 -0.0124131 0.214907 -0.0536064 0.0116214 0.206814
31.3699 0.0218939 -0.0692738 0.138774 0.0247979 -0.0803684 0.159784 0.0117614 -0.029632 0.220307 -0.0230439 -0.0115798 0.21513 -0.0550017 0.00998391 0.20565
31.5701 0.021755 -0.0692301 0.138795 0.0218669 -0.082084 0.163516 0.0117832 -0.0297909 0.220059 -0.0241233 -0.0110185 0.215239 -0.0552081 0.0128407 0.205879
31.7704 0.0236806 -0.0689038 0.138699 0.0140843 -0.0747449 0.164299 0.0118909 -0.0276093 0.220358 -0.0180224 -0.0174604 0.212376 -0.0495219 0.00785913 0.206128
31.9707 0.0236305 -0.0680616 0.138211 0.0223617 -0.0740478 0.16572 0.0132598 -0.0277221 0.220795 -0.0178844 -0.0126481 0.215989 -0.047763 0.00751117 0.206911
32.1709 0.0235927 -0.0683808 0.138081 0.0202305 -0.0738735 0.165235 0.0125719 -0.0266708 0.221657 -0.020615 -0.0124663 0.217224 -0.0544988 0.00603698 0.206484
32.3712 0.0240024 -0.0722235 0.13838 0.0188168 -0.0733941 0.165442 0.0119934 -0.0282011 0.221122 -0.0195039 -0.0122028 0.217625 -0.0546107 0.00618307 0.206942
32.5715 0.024972 -0.071265 0.139183 0.0204225 -0.0762097 0.161045 0.0120763 -0.0286263 0.220683 -0.022449 -0.0110168 0.216905 -0.0551239 0.00750314 0.205485
32.772 0.025053 -0.0712717 0.140776 0.0180173 -0.0737138 0.167032 0.0118025 -0.0285804 0.221079 -0.023405 -0.0110317 0.215698 -0.0556983 0.0124828 0.205644
32.9724 0.01922 -0.0727128 0.139282 0.017525 -0.0768178 0.165548 0.0121036 -0.029213 0.221027 -0.0196337 -0.00528618 0.217635 -0.052827 0.0206946 0.208561
33.1728 0.0195209 -0.0723637 0.139462 0.01511 -0.0794432 0.162611 0.0158512 -0.0279606 0.222457 -0.0139489 -0.00444249 0.219114 -0.043267 0.0222982 0.212156
33.373 0.0181159 -0.071264 0.140599 0.0109274 -0.081277 0.15947 0.0213076 -0.0232017 0.224706 -0.012871 0.00661075 0.221289 -0.0439994 0.0215054 0.211138
33.5734 0.0184264 -0.0706918 0.141443 0.019197 -0.0835063 0.155521 0.0212597 -0.0219028 0.224956 -0.012928 0.00711122 0.221736 -0.0436237 0.0223581 0.212212
33.7737 0.0184441 -0.0710842 0.141735 0.0205156 -0.079572 0.149222 0.022017 -0.0208917 0.225322 -0.0134729 0.0108727 0.221477 -0.0445394 0.0261947 0.211764
33.9741 0.0256436 -0.0640594 0.143572 0.0362149 -0.0642756 0.145716 0.0218811 -0.0209923 0.225151 -0.013083 0.0118524 0.221594 -0.0451571 0.0272316 0.209859
34.1744 0.0196751 -0.0661486 0.141978 0.0281759 -0.0847359 0.148825 0.0170796 -0.0232013 0.225085 -0.0166 0.00669818 0.222989 -0.0521828 0.0226164 0.21125
34.3746 0.0165757 -0.0697382 0.141153 0.0205653 -0.0843836 0.164629 0.0210333 -0.0229046 0.224957 -0.0160638 0.00941585 0.221256 -0.0475545 0.0272023 0.210057
34.5749 0.0190314 -0.0666663 0.14085 0.0256763 -0.0758338 0.163974 0.0209966 -0.0221494 0.225134 -0.0128567 0.00919416 0.222261 -0.0475556 0.0270213 0.21006
34.7752 0.017715 -0.0692133 0.140616 0.0193471 -0.0802367 0.169748 0.0198277 -0.0221678 0.225361 -0.0175406 0.00889852 0.222776 -0.0521371 0.0228601 0.210513
34.9772 0.0198252 -0.0671026 0.141274 0.0198377 -0.0778384 0.171471 0.0200653 -0.0220084 0.225171 -0.0129874 0.00798402 0.222116 -0.0486998 0.0258529 0.210957
35.1777 0.0191395 -0.0710751 0.140804 0.0198503 -0.0849406 0.159522 0.0211365 -0.0219192 0.225181 -0.0133246 0.00796051 0.22204 -0.0487135 0.0262337 0.210885
35.3781 0.0172318 -0.0726031 0.137552 0.0146784 -0.0829726 0.159326 0.0209716 -0.0218126 0.225203 -0.0138073 0.00593099 0.221587 -0.0516892 0.0234637 0.209517
35.5784 0.0173359 -0.0696602 0.138502 0.0188836 -0.0807736 0.161298 0.0209893 -0.0235137 0.224342 -0.0122433 0.00513028 0.22094 -0.0507269 0.0265705 0.209352
35.7786 0.0177646 -0.0705773 0.138998 0.0152058 -0.0818475 0.160264 0.0209893 -0.0235137 0.224342 -0.0115264 0.00532675 0.221666 -0.0518261 0.0258159 0.209926
35.9789 0.0180575 -0.0705072 0.138191 0.0214873 -0.0901402 0.153628 0.0213509 -0.0252226 0.224029 -0.0130732 0.00457198 0.220675 -0.0511006 0.027372 0.208812
36.1793 0.0194487 -0.0682924 0.139521 0.0526067 -0.065676 0.151478 0.0206035 -0.02607 0.223648 -0.0117862 0.00371602 0.220088 -0.049033 0.0250928 0.211164
36.3804 0.0186232 -0.0697279 0.138268 0.0503237 -0.0673608 0.147415 0.0245954 -0.0258628 0.223989 -0.0102598 0.00374166 0.221717 -0.0514724 0.025127 0.210743
36.5807 0.0191576 -0.0707302 0.135643 0.0553636 -0.0729627 0.150729 0.0246121 -0.0260179 0.223873 -0.00608566 0.0036119 0.221805 -0.0485495 0.0231714 0.211303
36.7809 0.0191594 -0.0710364 0.135939 0.0511376 -0.0704735 0.148441 0.0244626 -0.0256669 0.223798 -0.0109481 0.00145121 0.221993 -0.056135 0.0203713 0.209756
36.9811 0.0188721 -0.0726932 0.136417 0.0469838 -0.0724974 0.149671 0.0245991 -0.0260154 0.223967 -0.00630053 0.00068045 0.221287 -0.0487889 0.0224584 0.211558
37.1814 0.0184555 -0.0728141 0.136659 0.0340892 -0.0771087 0.140374 0.0257606 -0.0256172 0.223741 -0.00686746 0.000953451 0.221303 -0.051491 0.0201802 0.210982
37.3816 0.0180213 -0.0729191 0.136733 0.0291803 -0.080401 0.144704 0.0254494 -0.0250742 0.223965 -0.00614183 0.000638343 0.221303 -0.0522428 0.0185877 0.21068
37.5818 0.0233703 -0.0719381 0.137234 0.0276846 -0.0848876 0.147776 0.025958 -0.0259881 0.223653 -0.00679881 0.000290359 0.22135 -0.0523087 0.019618 0.21062
37.7819 0.0270199 -0.066461 0.136932 0.0357954 -0.084168 0.144427 0.0264704 -0.0262946 0.223476 -0.0105628 4.32159e-05 0.220881 -0.0519963 0.0183969 0.210995
37.9821 0.0256576 -0.0732458 0.136075 0.0364677 -0.0810873 0.147339 0.0226134 -0.0266252 0.223895 -0.0101634 0.000855075 0.221883 -0.0536918 0.0201704 0.20973
38.1824 0.0255484 -0.0699141 0.134868 0.0388018 -0.0817481 0.147661 0.0197377 -0.0275574 0.223711 -0.0105297 0.000200487 0.221567 -0.0537575 0.0210155 0.209581
38.3828 0.0239239 -0.0731106 0.136426 0.0455132 -0.0767648 0.148794 0.0186661 -0.0277878 0.223527 -0.0107999 -0.000255429 0.220907 -0.0544699 0.0211742 0.21022
38.5832 0.0170651 -0.0718578 0.137012 0.0428361 -0.0789742 0.148754 0.0185649 -0.0300635 0.222952 -0.0137101 0.00100218 0.22116 -0.0541989 0.0248777 0.20885
38.7834 0.0184572 -0.0743714 0.13606 0.0192603 -0.0898002 0.15686 0.0186385 -0.0305119 0.222677 -0.0109128 0.000846555 0.221068 -0.054078 0.0247987 0.209378
38.9837 0.015591 -0.0728119 0.137195 0.0196741 -0.0862384 0.150918 0.0186947 -0.0266566 0.223862 -0.0102649 0.00309899 0.221537 -0.053464 0.0244598 0.209369
39.184 0.0159757 -0.0741313 0.136599 0.0232177 -0.0859003 0.151528 0.0189619 -0.0267768 0.223745 -0.00930251 0.00073655 0.22135 -0.0522707 0.0246512 0.209821
39.3864 0.0152461 -0.0739365 0.13481 0.0225745 -0.0854437 0.153066 0.0246485 -0.0257508 0.223764 -0.00909458 0.00309485 0.221333 -0.0512372 0.0240506 0.210439
39.5866 0.0154106 -0.0735118 0.133893 0.043264 -0.0742319 0.149492 0.0241589 -0.0263326 0.223694 -0.00967888 -0.000125586 0.221019 -0.0504645 0.0234742 0.210387
39.7868 0.0198865 -0.0733809 0.13557 0.0295376 -0.0826574 0.146736 0.0237088 -0.0284926 0.223305 -0.0102972 -0.00109274 0.22018 -0.0524803 0.0220488 0.209834
39.993 0.0216799 -0.0730008 0.135983 0.035489 -0.0862164 0.150617 0.0232274 -0.0290787 0.223052 -0.00998262 -0.00266065 0.21961 -0.0523138 0.022177 0.209256
40.1932 0.0240801 -0.071765 0.136446 0.0330497 -0.087269 0.153581 0.0201587 -0.0293162 0.223142 -0.0110597 -0.00246018 0.220944 -0.053968 0.0208387 0.209807
40.3937 0.0258925 -0.070604 0.137414 0.0237822 -0.0841298 0.156763 0.0211283 -0.0268253 0.223931 -0.0112198 -0.00153233 0.221665 -0.0554713 0.0205644 0.210863
40.5943 0.0256295 -0.0704729 0.137997 0.0170589 -0.0808539 0.161926 0.0212219 -0.0258196 0.223617 -0.0115074 -0.0011968 0.221087 -0.0526722 0.0214428 0.21121
40.7947 0.0256295 -0.0704729 0.137997 0.0207771 -0.0830624 0.159788 0.0211227 -0.0258181 0.223667 -0.0115035 0.000723073 0.221117 -0.0527222 0.0214419 0.211258
40.996 0.0262396 -0.0715368 0.137031 0.0200071 -0.0817227 0.157198 0.022032 -0.025358 0.223815 -0.0101403 0.000734848 0.221182 -0.0510493 0.0218728 0.211366
41.1965 0.0254708 -0.0706161 0.137144 0.022309 -0.0804272 0.157137 0.0237796 -0.0249436 0.223439 -0.010185 0.00032002 0.220903 -0.051405 0.0249558 0.210736
41.397 0.0257809 -0.0718986 0.136285 0.0248671 -0.0828263 0.157892 0.0256314 -0.0244354 0.223498 -0.00796456 0.000358119 0.220794 -0.0520632 0.0185386 0.210415
41.5974 0.0255247 -0.0714096 0.136183 0.029598 -0.0834891 0.158135 0.0258646 -0.0250003 0.22332 -0.00815757 0.000396942 0.22048 -0.0517536 0.0188138 0.209737
41.7977 0.0248782 -0.0714489 0.136593 0.0305087 -0.0833553 0.162298 0.0255855 -0.0243841 0.223445 -0.00673924 0.000942412 0.220527 -0.0535381 0.0165821 0.207842
41.9981 0.0232201 -0.0715968 0.136715 0.0303133 -0.0845404 0.16252 0.0258368 -0.0246269 0.223827 -0.00732009 0.000333032 0.220907 -0.0534967 0.0165745 0.209107
42.1985 0.0198072 -0.0713787 0.138275 0.0320977 -0.0835083 0.164586 0.025168 -0.0256004 0.223755 -0.00842601 3.67551e-05 0.220761 -0.0518108 0.0220978 0.209919
42.3989 0.0207097 -0.0711628 0.139265 0.0311917 -0.0839767 0.162487 0.0249747 -0.0249978 0.223935 -0.0104279 0.000397594 0.220732 -0.0537574 0.0172332 0.209659
42.5991 0.0214129 -0.0714799 0.139895 0.0218997 -0.0836129 0.150735 0.0220831 -0.0245196 0.224148 -0.0104654 0.00116334 0.220869 -0.0522989 0.0212413 0.210468
42.7995 0.0210388 -0.0688293 0.137258 0.0235518 -0.080308 0.153865 0.0204224 -0.0224703 0.224527 -0.00885692 0.00170498 0.221019 -0.0600313 0.0176497 0.205409
42.9997 0.0216889 -0.0680109 0.137656 0.022828 -0.0827231 0.155459 0.0187358 -0.0226318 0.22475 -0.0127447 0.00217078 0.221409 -0.061997 0.016727 0.204122
43.1999 0.0195346 -0.0668068 0.138667 0.0217545 -0.0866022 0.160314 0.0171584 -0.0232337 0.224634 -0.0127713 0.00180846 0.221366 -0.0579257 0.021808 0.207403
43.4002 0.020022 -0.0671518 0.139131 0.0240649 -0.0792152 0.161164 0.0171226 -0.0245129 0.224238 -0.012765 0.00134492 0.221209 -0.0597474 0.0191922 0.205596
43.6006 0.0210196 -0.0686485 0.138549 0.0251379 -0.0775068 0.167242 0.0173038 -0.0241946 0.224212 -0.0121561 0.00163828 0.221106 -0.0580865 0.0211821 0.206938
43.8009 0.0185429 -0.0728517 0.138833 0.0253729 -0.0749393 0.178413 0.0215254 -0.0224563 0.224135 -0.0119266 0.00381201 0.220804 -0.0572599 0.0153383 0.206608
44.0013 0.0740551 -0.0703845 0.123254 0.0614686 -0.0180745 0.218498 0.0322818 0.00546392 0.225483 -0.0104793 0.00829509 0.22166 -0.058355 0.0159366 0.207934
44.2016 0.0862473 -0.0666149 0.121063 0.0591475 -0.0115906 0.220346 0.0325097 0.0052078 0.226089 -0.0121823 0.00835428 0.221866 -0.0572878 0.0130112 0.209127
44.4018 0.0857688 -0.0635118 0.120389 0.0575422 -0.0112903 0.221009 0.0325105 0.00513803 0.225892 -0.0145861 0.00737008 0.221938 -0.0554885 0.0141346 0.210328
44.6021 0.0906506 -0.0602188 0.120947 0.0575575 -0.00934085 0.22113 0.0324751 0.00512945 0.225859 -0.0145296 0.00737418 0.221994 -0.057936 0.0142894 0.209215
44.8023 0.0913121 -0.0585215 0.121535 0.0575199 -0.00939024 0.22122 0.0322001 0.00509558 0.225499 -0.0147327 0.00793246 0.222212 -0.055531 0.0141846 0.210443
45.0026 0.0925943 -0.0577465 0.121004 0.0574105 -0.00957088 0.221134 0.0309522 0.00418689 0.226666 -0.0155031 0.00795328 0.222285 -0.0595264 0.0137716 0.20915
45.2029 0.0949873 -0.0582242 0.119012 0.059622 -0.0100431 0.219898 0.0295478 0.00467938 0.226938 -0.0132726 0.0112874 0.222644 -0.0524322 0.0163169 0.159471
45.4034 0.0944071 -0.0557473 0.120929 0.0572643 -0.0064346 0.220688 0.0278734 0.0075516 0.226555 -0.0143804 0.0130612 0.223344 -0.0533796 0.0157114 0.158703
45.6037 0.0950749 -0.055593 0.120209 0.0590002 -0.00649838 0.22036 0.0289026 0.00843809 0.226671 -0.0136028 0.0139506 0.222864 -0.0624131 0.018244 0.208423
45.8039 0.0949139 -0.0555347 0.120066 0.0571263 -0.00644549 0.220679 0.0276901 0.00845922 0.226687 -0.0146281 0.0152424 0.223326 -0.0616568 0.0148415 0.208071
46.0042 0.0949139 -0.0555347 0.120066 0.057063 -0.00651951 0.220575 0.0278123 0.00970274 0.22664 -0.0145526 0.0172469 0.223106 -0.0615482 0.0182772 0.208657
46.2046 0.0948246 -0.055898 0.119573 0.0583911 -0.00997001 0.220446 0.0292081 0.0093067 0.226761 -0.0131454 0.0173778 0.222536 -0.062253 0.018941 0.208032
46.4048 0.0893274 -0.0630939 0.121498 0.0583629 -0.00996943 0.22047 0.0311657 0.00931026 0.226211 -0.0151865 0.0171385 0.222513 -0.0616376 0.0179025 0.207599
46.605 0.0893264 -0.0630943 0.121496 0.0586804 -0.00256344 0.220541 0.0309399 0.0139593 0.225694 -0.0140032 0.0193706 0.221528 -0.0616391 0.0194826 0.207189
46.8053 0.092167 -0.0600134 0.119738 0.0580799 -0.0025546 0.220684 0.0280562 0.0137526 0.226392 -0.0146933 0.0165322 0.222304 -0.0649917 0.0163003 0.205423
47.0055 0.0936751 -0.0581318 0.120679 0.0582252 -0.003439 0.22037 0.0282967 0.00936792 0.226707 -0.0161541 0.0126379 0.222382 -0.0628639 0.0131526 0.206271
47.2057 0.0948057 -0.0584481 0.118929 0.0584871 -0.0047431 0.220369 0.0278173 0.00788602 0.226796 -0.0161046 0.0116513 0.223023 -0.0632198 0.01308 0.206461
47.4077 0.0944317 -0.0596467 0.119401 0.0587774 -0.00609587 0.22044 0.0277089 0.00607573 0.226999 -0.0162438 0.0120541 0.223189 -0.0627223 0.0130615 0.206599
47.6082 0.0947668 -0.0598158 0.119059 0.0605362 -0.00876891 0.219873 0.0278036 0.00607463 0.226951 -0.0165419 0.0122656 0.223254 -0.0624718 0.0143626 0.206794
47.8084 0.0923671 -0.0637805 0.118541 0.0612393 -0.00969582 0.219606 0.0291781 0.00559837 0.226959 -0.0128675 0.00985301 0.22331 -0.0607497 0.0191884 0.207446
48.0087 0.0918921 -0.0633901 0.118976 0.0613342 -0.00966341 0.219586 0.029246 0.00782896 0.226883 -0.0128551 0.00963616 0.223337 -0.0606021 0.0197804 0.207311
48.209 0.0932078 -0.0644824 0.117088 0.0579649 -0.00834881 0.2205 0.0289532 0.00752135 0.227004 -0.0117714 0.00962192 0.223524 -0.0605331 0.0159814 0.206911
48.4095 0.0914938 -0.0632744 0.120025 0.0508061 -0.0125543 0.221621 0.0192483 0.00669117 0.228128 -0.0188493 0.00983851 0.222774 -0.0617647 0.0192681 0.207954
48.6098 0.0938686 -0.053365 0.12489 0.0480921 -0.009964 0.222773 0.0181694 0.00469816 0.2283 -0.0190651 0.00733912 0.223862 -0.0646064 0.00396698 0.207042
48.8102 0.0911227 -0.0575024 0.125053 0.0512914 -0.0126712 0.222087 0.0146719 0.00470222 0.228491 -0.0193027 0.0072248 0.223832 -0.064006 0.00359841 0.207226
49.0104 0.0911227 -0.0575024 0.125053 0.0512914 -0.0126712 0.222087 0.0146719 0.00470222 0.228491 -0.0193027 0.0072248 0.223832 -0.064006 0.00359841 0.207226
49.0606 0.0911227 -0.0575024 0.125053 0.0512914 -0.0126712 0.222087 0.0146719 0.00470222 0.228491 -0.0193027 0.0072248 0.223832 -0.064006 0.00359841 0.207226
49.1108 0.0951962 -0.0531608 0.124519 0.0515507 -0.0107558 0.222054 0.0115739 0.0054775 0.228596 -0.0227447 0.00736029 0.223268 -0.0646517 0.00475176 0.207187
49.3115 0.0920293 -0.0577182 0.123892 0.0519409 -0.0118474 0.222154 0.0117403 0.00714624 0.22821 -0.0226853 0.009885 0.223073 -0.064001 0.00727019 0.206403
49.5118 0.09084 -0.0615415 0.123604 0.0486001 -0.0118764 0.222316 0.00986338 0.00757646 0.228174 -0.0227049 0.00970412 0.222808 -0.0641366 0.014509 0.206728
49.712 0.0907069 -0.0613752 0.12348 0.048808 -0.0114625 0.223009 0.00832375 0.00784527 0.228423 -0.0266542 0.00962122 0.222081 -0.0666417 0.0140101 0.205913
49.9123 0.0888401 -0.0612396 0.125169 0.0473486 -0.0110897 0.223372 0.00798475 0.00854461 0.228296 -0.0287299 0.0092044 0.221353 -0.0657152 0.0142542 0.207123
50.1126 0.0898153 -0.0595123 0.12499 0.0458967 -0.0113117 0.223219 0.00529694 0.00781375 0.22827 -0.0294289 0.00636952 0.221174 -0.0655283 0.013683 0.206166
50.3128 0.0936529 -0.0500611 0.126821 0.0457893 -0.0078374 0.223935 0.00531412 0.0084006 0.228257 -0.0284344 0.00912763 0.222115 -0.0655618 0.0102463 0.205764
50.5129 0.0945591 -0.0504402 0.126186 0.0463547 -0.00781841 0.223884 0.00506825 0.00855586 0.228353 -0.0288161 0.00908744 0.222043 -0.0660157 0.0100242 0.206408
50.7131 0.095807 -0.0493686 0.124635 0.0462326 -0.00787655 0.223575 0.00512785 0.00944594 0.228063 -0.028781 0.00910448 0.222041 -0.067503 0.00748537 0.206411
50.9132 0.0920081 -0.0570468 0.125134 0.0471279 -0.0114836 0.222771 0.00838674 0.00969209 0.227704 -0.0286039 0.00995273 0.221696 -0.0679854 0.00735532 0.206142
51.1134 0.0929669 -0.0580375 0.123074 0.0523697 -0.0111321 0.222067 0.00847193 0.0129208 0.227549 -0.0275906 0.0103145 0.221776 -0.0681628 0.00715262 0.205899
51.3136 0.092608 -0.0596118 0.122713 0.0523697 -0.0111321 0.222067 0.00998511 0.0129198 0.227475 -0.0279747 0.0127678 0.220763 -0.0670648 0.00808164 0.202924
51.5138 0.0914062 -0.0622486 0.12167 0.0527539 -0.0109531 0.221967 0.0125696 0.0114341 0.227306 -0.0271905 0.0158578 0.220716 -0.0655196 0.0205004 0.205497
51.714 0.0843813 -0.0705702 0.122488 0.0526914 -0.00967986 0.221893 0.00731661 0.0103257 0.227713 -0.0253773 0.0125116 0.220995 -0.0647437 0.021002 0.204869
51.9143 0.0833779 -0.0703487 0.123201 0.0509352 -0.0113081 0.221937 0.0113369 0.0102611 0.228073 -0.0200028 0.019142 0.220435 -0.0601713 0.0262352 0.204529
52.1147 0.0861689 -0.0687065 0.122271 0.052933 -0.0102804 0.221428 0.0123552 0.00993666 0.227813 -0.0187888 0.0205542 0.219967 -0.0569503 0.0273758 0.205481
52.3151 0.0860234 -0.0677081 0.122742 0.0504109 -0.00886013 0.221734 0.00654731 0.0112908 0.226811 -0.0200849 0.0190902 0.220413 -0.0571858 0.0270489 0.206173
52.5153 0.0948847 -0.0567878 0.122182 0.0492739 -0.00989738 0.222453 0.00751902 0.0109304 0.227765 -0.0261717 0.00975016 0.221687 -0.0652868 0.00958622 0.205957
52.7155 0.0948847 -0.0567878 0.122182 0.0494691 -0.00958688 0.22292 0.00749485 0.0111422 0.227823 -0.0261717 0.00975016 0.221687 -0.0658421 0.00936266 0.205675
52.9156 0.0948631 -0.0567994 0.12223 0.0489559 -0.0110691 0.222876 0.00752262 0.00872078 0.227942 -0.0261523 0.00973675 0.221695 -0.0660572 0.00943686 0.205694
53.1158 0.08815 -0.0628228 0.123707 0.0476301 -0.0141167 0.223209 0.00841284 0.00657556 0.228327 -0.0275743 0.00919231 0.220669 -0.0660624 0.0112484 0.204034
53.316 0.0881846 -0.0627961 0.123696 0.0479043 -0.0141126 0.223291 0.0085094 0.00761394 0.22834 -0.0284713 0.00943159 0.220436 -0.0663932 0.0111248 0.203594
53.5163 0.0880344 -0.0630854 0.123293 0.0477572 -0.0140733 0.223322 0.00601423 0.00554157 0.228022 -0.0273056 0.00998328 0.221928 -0.0670336 0.0119173 0.205137
53.7166 0.0898904 -0.0621296 0.122554 0.0477567 -0.0131394 0.223379 0.00590481 0.00442029 0.22816 -0.0271816 0.00992974 0.221985 -0.0675113 0.0117229 0.205545
53.9168 0.0925397 -0.0536373 0.125208 0.0468997 -0.0102456 0.22302 0.00600293 0.00595284 0.228355 -0.0269593 0.0102797 0.22205 -0.0660942 0.0110791 0.206748
54.117 0.0897154 -0.0622199 0.122079 0.0468963 -0.0122597 0.222968 0.00520068 0.00617813 0.22809 -0.0260235 0.0118226 0.222096 -0.067314 0.0129233 0.206386
54.3172 0.0891887 -0.063883 0.12343 0.0464912 -0.0135724 0.222935 0.00669868 0.00669716 0.228272 -0.0245218 0.012236 0.22237 -0.0660129 0.0198502 0.207407
54.5175 0.0856235 -0.0686626 0.122758 0.048881 -0.0132274 0.222548 0.00976233 0.00783532 0.228173 -0.0238239 0.0127218 0.221737 -0.063933 0.0233399 0.206033
54.7177 0.0840796 -0.0705609 0.123089 0.0493494 -0.0162462 0.222238 0.0112669 0.0080766 0.227462 -0.0234774 0.0158834 0.220357 -0.0628785 0.0240976 0.207075
54.9181 0.0812668 -0.0714838 0.123334 0.0491865 -0.0162095 0.221955 0.0110146 0.00779675 0.227518 -0.0241078 0.0131826 0.220232 -0.0635335 0.0238029 0.206996
55.1185 0.080532 -0.0715148 0.123889 0.0480511 -0.0165703 0.222243 0.01105 0.0086943 0.228038 -0.023956 0.0135468 0.221144 -0.0635141 0.02392 0.207003
55.3187 0.0797761 -0.0707825 0.124521 0.0469431 -0.0152235 0.22274 0.00833977 0.00880622 0.228081 -0.0253843 0.0141864 0.221664 -0.0647096 0.0225173 0.207073
55.519 0.079564 -0.0708966 0.12447 0.0459669 -0.0164933 0.222691 0.00792632 0.00702955 0.228292 -0.026366 0.0119697 0.221353 -0.0681828 0.019002 0.206811
55.7193 0.0793645 -0.0713545 0.124417 0.0459669 -0.0164933 0.222691 0.00767456 0.00706099 0.228282 -0.0253619 0.0140632 0.222055 -0.0654113 0.0188829 0.206932
55.9196 0.0822272 -0.0666039 0.127304 0.0457406 -0.0149056 0.223694 0.000281175 0.0013307 0.226564 -0.0280265 0.00832472 0.220517 -0.0681696 0.0150614 0.206933
56.1199 0.0828692 -0.0683713 0.124722 0.0438411 -0.0219146 0.221954 0.0116272 0.00300966 0.228087 -0.0284903 0.00726038 0.220401 -0.0672835 0.0179702 0.206372
56.3202 0.0826494 -0.0685375 0.1249 0.0462478 -0.0222554 0.221069 0.0124489 -0.00332575 0.227275 -0.0243724 0.00588665 0.220892 -0.0645829 0.0178586 0.206498
56.5206 0.0556125 -0.0833366 0.124186 0.0442272 -0.0332552 0.217006 0.0160038 -0.00475809 0.226598 -0.0255166 0.000908465 0.219416 -0.0549177 0.00746381 0.209179
56.721 0.0379025 -0.0786131 0.100265 0.0381845 -0.0432303 0.211403 0.0165666 -0.0141501 0.224159 -0.0225128 -0.00562135 0.218697 -0.0552699 0.00728607 0.209987
56.9213 0.0378335 -0.0785771 0.100325 0.0356143 -0.0497527 0.204616 0.0131402 -0.0135121 0.224433 -0.0209376 -0.00570761 0.218208 -0.0538265 0.00482623 0.209833
57.1215 0.036198 -0.0781795 0.101916 0.0282459 -0.0550212 0.198774 0.0130116 -0.0164115 0.223683 -0.0223645 -0.00701226 0.219268 -0.0541724 0.00490466 0.209837
57.322 0.0302854 -0.084067 0.123659 0.0221689 -0.0670657 0.189049 0.0132362 -0.0217211 0.22201 -0.0231106 -0.0111683 0.21746 -0.049674 0.00536435 0.20696
57.5223 0.0298032 -0.0892133 0.128655 0.0201353 -0.0736869 0.183359 0.0179933 -0.0238669 0.221452 -0.0219753 -0.0117248 0.216608 -0.049348 0.00683848 0.206994
57.7225 0.0149402 -0.0875187 0.0980681 0.0192736 -0.0744292 0.177058 0.0180331 -0.0257184 0.220217 -0.0219945 -0.0120912 0.21646 -0.0474064 0.00631393 0.20805
57.9227 0.0136331 -0.0864959 0.0984729 0.016051 -0.078606 0.172332 0.0171001 -0.026345 0.220011 -0.0227158 -0.0121513 0.215777 -0.0474046 0.00634788 0.207822
58.1231 0.0136526 -0.0865533 0.0984403 0.015242 -0.0791844 0.169272 0.0162722 -0.0274433 0.219455 -0.0232732 -0.0144565 0.21452 -0.0478537 0.00649838 0.207799
58.3236 0.0184849 -0.0809421 0.130479 0.0145039 -0.0776771 0.165381 0.0161255 -0.0284873 0.218934 -0.0253928 -0.0149559 0.213857 -0.0462746 0.00647984 0.20892
58.5239 0.0258573 -0.0770012 0.134603 0.0174017 -0.081112 0.163474 0.0156483 -0.030437 0.21826 -0.025035 -0.0150307 0.214192 -0.0456273 0.00586271 0.208123
58.7241 0.0256068 -0.0766275 0.134921 0.0170512 -0.0814154 0.162453 0.0156558 -0.0305308 0.218313 -0.0259775 -0.0149794 0.213839 -0.0454901 0.00478346 0.207215
58.9245 0.0223566 -0.0773538 0.136856 0.0135449 -0.0816125 0.158272 0.0155404 -0.0315256 0.218534 -0.0259701 -0.0149192 0.213933 -0.0454305 0.00498989 0.208913
59.1248 0.0278875 -0.0748533 0.139121 0.0187289 -0.0778439 0.151237 0.0156511 -0.0318117 0.218774 -0.0232021 -0.0163045 0.214868 -0.0447358 0.00368615 0.208004
59.3251 0.0255828 -0.0752159 0.141381 0.0172871 -0.0802297 0.149684 0.0152652 -0.031027 0.219489 -0.0226208 -0.0162923 0.214772 -0.0466861 0.00168073 0.206793
59.5254 0.0249018 -0.0708697 0.143665 0.0174139 -0.080277 0.148229 0.0152511 -0.0282975 0.220958 -0.0221781 -0.0146736 0.215299 -0.0457197 0.0024967 0.206629
59.7257 0.025725 -0.0699053 0.14061 0.0174444 -0.0781696 0.143651 0.0144398 -0.0295883 0.220088 -0.0262936 -0.0160727 0.213361 -0.0473683 0.00257398 0.205976
59.926 0.0233953 -0.0713906 0.140995 0.0183378 -0.0788876 0.143158 0.0126426 -0.0317125 0.219615 -0.0274912 -0.0137845 0.214895 -0.049303 0.00308657 0.206447
60.1263 0.0243812 -0.0729971 0.138797 0.0182742 -0.0787748 0.146447 0.0144928 -0.0295933 0.221252 -0.0263906 -0.01365 0.21535 -0.0487349 0.00446221 0.207052
60.3268 0.0234672 -0.0745701 0.138281 0.0167752 -0.0803587 0.148308 0.014597 -0.0311831 0.220669 -0.0263182 -0.0145672 0.215553 -0.0486619 0.00286506 0.2068
60.5272 0.0234891 -0.074586 0.138293 0.0153037 -0.0799837 0.149429 0.0120934 -0.0301336 0.221039 -0.0261467 -0.0135668 0.21545 -0.050674 0.00250945 0.2071
60.7273 0.0248274 -0.075298 0.139338 0.0142436 -0.0813658 0.148163 0.0124067 -0.0321339 0.218432 -0.0263649 -0.0162171 0.214297 -0.0531185 0.0041971 0.209017
60.9276 0.0242834 -0.075002 0.13922 0.0134916 -0.0803505 0.145883 0.0104222 -0.0321811 0.218121 -0.0280675 -0.0157835 0.214276 -0.052658 0.00432047 0.207957
61.1279 0.0229413 -0.0758073 0.138151 0.0139891 -0.0821057 0.146303 0.0117356 -0.031865 0.218561 -0.0285308 -0.016079 0.213714 -0.049727 0.00411864 0.208074
61.3282 0.0253975 -0.0765851 0.137655 0.0145615 -0.0831826 0.147393 0.0110243 -0.0321573 0.218332 -0.0284033 -0.0160172 0.214734 -0.0496698 0.00322032 0.207805
61.5284 0.0230102 -0.0734038 0.137209 0.0129486 -0.0766131 0.137279 0.00895236 -0.0332766 0.218994 -0.0285728 -0.0161614 0.21513 -0.0546628 0.00162417 0.205643
61.7286 0.0243784 -0.073698 0.136278 0.0121546 -0.0788185 0.139447 0.0119367 -0.0358964 0.218724 -0.0298423 -0.0176157 0.213288 -0.0565434 0.00108015 0.205844
61.9288 0.0244357 -0.0737623 0.13603 0.0110901 -0.0779818 0.142499 0.0135277 -0.0352016 0.218741 -0.0287474 -0.0175203 0.213433 -0.0565368 0.00115153 0.205942
62.1291 0.0232316 -0.0748126 0.135024 0.00881018 -0.0800407 0.144287 0.0152592 -0.0347754 0.219102 -0.0261663 -0.0170354 0.212949 -0.0572232 0.00192842 0.206811
62.3293 0.0215177 -0.0771142 0.13411 0.00164358 -0.0555121 0.149544 0.015553 -0.0330457 0.219065 -0.0221386 -0.0179819 0.213992 -0.051753 0.00281648 0.206024
62.5296 0.0207051 -0.0800162 0.132894 0.0161892 -0.0392762 0.149468 0.015045 -0.0335607 0.220011 -0.0208603 -0.0168371 0.214493 -0.0481105 0.00122651 0.207874
62.7299 0.0422922 -0.00735814 0.136621 0.0322051 -0.0477892 0.211657 -0.000487422 -0.0308331 0.205149 -0.0239205 -0.0107321 0.210962 -0.041086 0.0163789 0.111906
62.9302 0.0422922 -0.00735814 0.136621 0.0322051 -0.0477892 0.211657 -0.000683214 -0.0314411 0.205221 -0.023418 -0.0108243 0.210802 -0.0432016 0.0191896 0.115744
63.1304 0.0234377 -0.071616 0.135196 0.0078564 -0.078379 0.155697 0.0129492 -0.03599 0.217714 -0.0196325 -0.0122409 0.219047 -0.0557984 0.000634515 0.207689
63.3306 0.02158 -0.0713208 0.134381 0.010997 -0.0841046 0.158635 0.0136961 -0.0351799 0.218001 -0.0195157 -0.0122718 0.218388 -0.0537829 0.00442291 0.207392
63.531 0.0206909 -0.0717392 0.134997 0.00628632 -0.0878639 0.154578 0.0143976 -0.035485 0.217759 -0.0243311 -0.0103807 0.216393 -0.0575397 0.0063926 0.204107
63.7315 0.0232986 -0.0710027 0.135039 0.0116441 -0.0901363 0.155101 0.0175648 -0.035156 0.218034 -0.021637 -0.0107037 0.216008 -0.0511719 0.00447278 0.205774
63.9319 0.0233045 -0.0718519 0.134709 0.00760281 -0.0696673 0.168633 0.0147266 -0.0341809 0.218291 -0.0192231 -0.0101051 0.216492 -0.0509549 0.00478607 0.205716
64.1322 0.0298158 -0.0712864 0.134497 0.0245245 -0.0398617 0.156335 0.0173295 -0.0333365 0.218041 -0.0200109 -0.00998981 0.216983 -0.0513633 -0.00169929 0.206439
64.3324 0.030102 -0.072754 0.135372 0.0369618 -0.035621 0.162994 0.0185224 -0.0312167 0.218936 -0.0200109 -0.00998981 0.216983 -0.0509568 -0.00109278 0.206987
64.5327 0.0300407 -0.0690047 0.13821 0.0346868 -0.0352981 0.160843 0.0179572 -0.0311938 0.219693 -0.0207702 -0.0158285 0.214414 -0.0533593 -0.000618348 0.20651
64.733 0.0278418 -0.0708946 0.138323 0.0268469 -0.0818216 0.163846 0.0181666 -0.0281081 0.22161 -0.0210788 -0.0105336 0.217439 -0.0546997 0.000267615 0.20598
64.9333 0.023454 -0.0693169 0.142047 0.0112647 -0.0705987 0.164809 0.0185045 -0.0276461 0.221871 -0.0155924 -0.0175789 0.215233 -0.0557747 -0.00377556 0.203711
65.1336 0.024226 -0.0637442 0.141342 0.024774 -0.070415 0.17921 0.0164129 -0.0286305 0.222098 -0.0153935 -0.0181465 0.214994 -0.0579649 -0.00605338 0.200918
65.3338 0.0194791 -0.0589064 0.143167 0.0211503 -0.0654641 0.182919 0.0207327 -0.0283511 0.221979 -0.0153878 -0.0181493 0.214898 -0.058491 -0.00647236 0.198784
65.534 0.0194934 -0.0588768 0.141953 0.0199228 -0.0509527 0.199698 0.0153326 -0.0241035 0.222822 -0.00695916 -0.00668475 0.180967 -0.0419428 -0.00544407 0.208564
65.7343 0.020568 -0.0618711 0.144276 0.0218923 -0.0656244 0.184043 0.0147921 -0.0253205 0.220821 -0.0233786 -0.0105374 0.216779 -0.0595523 0.00431221 0.206439
65.9345 0.0204993 -0.0617041 0.145204 0.0216477 -0.0657375 0.185994 0.0167685 -0.025569 0.22064 -0.0235769 -0.0110575 0.216635 -0.0592944 0.00437737 0.205651
66.1347 0.0203148 -0.0617106 0.145344 0.0246021 -0.0649892 0.188277 0.0166932 -0.0258841 0.220516 -0.0234363 -0.0109084 0.217172 -0.059296 0.00302702 0.205415
66.335 0.0160141 -0.0613817 0.142831 0.0203205 -0.072811 0.17537 0.0148917 -0.0276489 0.219849 -0.0256773 -0.0114799 0.216611 -0.0580582 0.00228067 0.203468
66.5353 0.0209136 -0.0636315 0.141722 0.0312226 -0.073207 0.184927 0.013807 -0.0284891 0.219867 -0.0262821 -0.0137368 0.213689 -0.0591568 0.00500582 0.205128
66.7355 0.0172226 -0.0662506 0.139784 0.0173973 -0.0655668 0.179924 0.0141743 -0.0295259 0.21912 -0.0266501 -0.0130013 0.21389 -0.0576994 0.00587549 0.205856
66.9368 0.0218042 -0.0628564 0.138893 0.0249749 -0.062574 0.201892 0.0139277 -0.0295899 0.219189 -0.0265112 -0.0134139 0.214233 -0.0606412 0.00449372 0.204399
67.1371 0.0193511 -0.0642784 0.142942 0.025544 -0.0711443 0.189729 0.0146961 -0.0328121 0.219019 -0.0263774 -0.0144168 0.215436 -0.0625577 -0.00182332 0.201964
67.3373 0.0193798 -0.0640255 0.142793 0.0235598 -0.0703517 0.174276 0.0146759 -0.0335741 0.218497 -0.026105 -0.0167591 0.214933 -0.064343 -0.00364632 0.200782
67.5374 0.0214382 -0.0640446 0.142982 0.0278821 -0.0608897 0.193056 0.0128957 -0.0321323 0.219417 -0.0272771 -0.0169355 0.213459 -0.0642603 -0.00356521 0.200801
67.7376 0.021402 -0.0645099 0.142305 0.0104686 -0.0589547 0.195642 0.00785167 -0.0311746 0.219267 -0.0296158 -0.0176427 0.210948 -0.0646787 -0.00122102 0.202268
67.938 0.0210453 -0.0659526 0.141358 0.0147744 -0.069903 0.177012 0.011487 -0.0293456 0.221035 -0.0283822 -0.0123272 0.210497 -0.0554151 0.0030246 0.205914
68.1383 0.0144524 -0.0741331 0.138951 0.0155016 -0.0708338 0.176794 0.0115438 -0.0298519 0.221021 -0.028685 -0.0121652 0.210251 -0.053943 0.00442231 0.207283
68.3385 0.00974262 -0.0766749 0.135527 0.0128176 -0.0731411 0.149528 0.0117527 -0.0335812 0.218296 -0.0242851 -0.0118711 0.214717 -0.0556201 0.00200993 0.206122
68.5388 0.0104128 -0.0826583 0.132694 0.0186305 -0.0738683 0.146475 0.0192271 -0.0330697 0.218994 -0.0187925 -0.01288 0.21614 -0.0547634 0.00267244 0.204546
68.739 0.0123648 -0.0796861 0.13173 0.0181118 -0.0712788 0.143674 0.0155757 -0.0328961 0.218972 -0.0183256 -0.0129832 0.216743 -0.0538347 0.00460679 0.205498
68.9392 0.014439 -0.0782664 0.131449 0.0344211 -0.0681976 0.142261 0.0162353 -0.0331425 0.219252 -0.0171681 -0.012807 0.218142 -0.0539072 0.00463819 0.206304
69.1395 0.0189289 -0.0793233 0.133701 0.0331977 -0.0651272 0.141745 0.0183227 -0.0330831 0.217551 -0.0171465 -0.0131294 0.217478 -0.0533893 0.00470926 0.206323
69.34 0.0237266 -0.0745037 0.13669 0.028422 -0.0633974 0.137914 0.0164814 -0.0335646 0.218971 -0.0177972 -0.0150016 0.216732 -0.0534601 0.00429072 0.208425
69.5401 0.0215469 -0.0736957 0.137441 0.0240327 -0.0703875 0.141463 0.0167944 -0.0329236 0.217726 -0.0189554 -0.013119 0.215181 -0.0504684 0.00353541 0.207529
69.7403 0.0214734 -0.073888 0.137561 0.0166431 -0.0728563 0.144219 0.0165187 -0.0333509 0.217324 -0.0219478 -0.0136697 0.213545 -0.0503862 0.00356254 0.207377
69.9404 0.0220124 -0.0750593 0.136941 0.0145036 -0.0759359 0.144984 0.0158201 -0.0352559 0.217359 -0.0223142 -0.0147699 0.215656 -0.0536051 0.00458944 0.207871
70.1406 0.0223961 -0.0745541 0.136666 0.0456798 -0.042707 0.154695 0.0155698 -0.0358761 0.216923 -0.0198624 -0.0150731 0.216572 -0.0554491 0.000997814 0.206669
70.3408 0.0220794 -0.0745291 0.13563 0.0460977 -0.0428946 0.155915 0.0175998 -0.035345 0.217849 -0.0207079 -0.0154086 0.216784 -0.0556989 0.00109583 0.206238
70.541 0.0225096 -0.0711073 0.135361 0.0505841 -0.0428787 0.157669 0.0179405 -0.0355723 0.216962 -0.018218 -0.014917 0.217246 -0.0548074 0.000205767 0.205228
70.7413 0.0273004 -0.0700361 0.137244 0.0485472 -0.0380102 0.157651 0.0179138 -0.0347671 0.216689 -0.016705 -0.0137515 0.217899 -0.0539883 0.000299764 0.205142
70.9417 0.0228834 -0.0721618 0.137927 0.0481137 -0.0365079 0.158611 0.0176841 -0.0352571 0.217383 -0.0185544 -0.0167043 0.215899 -0.0532921 0.00342859 0.206377
71.142 0.0251676 -0.0704396 0.138568 0.0481505 -0.0369909 0.160223 0.0171673 -0.035654 0.21759 -0.0176708 -0.0162606 0.216936 -0.0519974 0.00126222 0.205705
71.3422 0.0266152 -0.0703019 0.138661 0.0488043 -0.0380481 0.160938 0.0169195 -0.035552 0.217768 -0.0191443 -0.0161343 0.216662 -0.0524205 0.00362203 0.20734
71.5424 0.0277681 -0.0689577 0.138825 0.047821 -0.0391167 0.15831 0.0165062 -0.0352386 0.217758 -0.0218518 -0.0164703 0.214824 -0.0524742 0.00453669 0.207131
71.7426 0.0270795 -0.0709152 0.140464 0.0493129 -0.0390948 0.161147 0.0165477 -0.0350015 0.217032 -0.0221202 -0.0163722 0.213504 -0.0505271 0.005763 0.206621
71.9428 0.027204 -0.0718298 0.139531 0.052721 -0.0416732 0.15543 0.0199435 -0.0336257 0.216808 -0.0192413 -0.0143582 0.214255 -0.0484579 0.00291336 0.207523
72.1431 0.020865 -0.0728638 0.13842 0.0505143 -0.0415463 0.159609 0.0166133 -0.0335672 0.216126 -0.0192039 -0.0134854 0.214476 -0.0480514 0.00502561 0.208043
72.3432 0.019104 -0.073119 0.137553 0.0496875 -0.0422762 0.159305 0.0166738 -0.0334855 0.216394 -0.0186893 -0.0129607 0.215475 -0.0478632 0.0015326 0.206842
72.5434 0.0195185 -0.0734995 0.138133 0.0492283 -0.0442127 0.162515 0.0167642 -0.0339192 0.21715 -0.0183296 -0.0135166 0.215957 -0.048324 0.00123912 0.209273
72.7436 0.0193693 -0.0735627 0.137611 0.0486293 -0.0427973 0.161553 0.0167721 -0.0339713 0.217904 -0.017014 -0.0126999 0.217434 -0.0509066 0.00011621 0.208251
72.9439 0.0218368 -0.0723724 0.138478 0.0484306 -0.0398934 0.161665 0.0182716 -0.0329547 0.218203 -0.0226701 -0.012991 0.215486 -0.0510169 0.000826661 0.208808
73.1441 0.0208175 -0.0698825 0.138067 0.0480259 -0.0409539 0.161661 0.0184755 -0.0324917 0.218433 -0.0226812 -0.0126184 0.21539 -0.0519914 -0.00021259 0.20686
73.3443 0.0234178 -0.0683983 0.139551 0.0496216 -0.0408686 0.161861 0.0184195 -0.0322509 0.217966 -0.0204608 -0.0116441 0.215408 -0.0489938 0.0092109 0.20854
73.5445 0.0210436 -0.0690829 0.138582 0.0497115 -0.0407098 0.163706 0.0135561 -0.0318604 0.21748 -0.0228898 -0.00899276 0.215997 -0.0520449 0.00468416 0.20617
73.7448 0.0179318 -0.0745394 0.136322 0.0207544 -0.0557364 0.136103 0.0121756 -0.0345632 0.217136 -0.0258632 -0.0109021 0.215325 -0.0560989 0.00493475 0.204147
73.9451 0.0220988 -0.065756 0.139843 0.0175903 -0.0576259 0.139888 0.013079 -0.0336546 0.21659 -0.0224955 -0.0110177 0.216457 -0.0539213 0.00425782 0.204609
74.1455 0.0221253 -0.065073 0.138938 0.017363 -0.0595294 0.139638 0.0138676 -0.0335033 0.21802 -0.0218781 -0.0136172 0.21682 -0.0541914 0.00162712 0.205956
74.3457 0.0210277 -0.0724417 0.13575 0.020075 -0.0690846 0.14425 0.0141399 -0.0344016 0.217638 -0.0215383 -0.0148794 0.216178 -0.0543437 0.0011733 0.20694
74.546 0.0280413 -0.067173 0.137552 0.0467911 -0.0414361 0.146361 0.0155152 -0.036228 0.216578 -0.0212834 -0.0149261 0.216242 -0.0540351 0.00211508 0.207836
74.7462 0.0278574 -0.0674363 0.137126 0.0506623 -0.0396821 0.151608 0.0161435 -0.0341814 0.217614 -0.0214235 -0.0136927 0.216838 -0.0540208 0.00140481 0.207732
74.9464 0.0261506 -0.0681395 0.137025 0.0511612 -0.0428173 0.158797 0.0158764 -0.0356094 0.215538 -0.0162016 -0.0129795 0.217745 -0.0539101 0.00247629 0.207645
75.1468 0.0293339 -0.0666898 0.139776 0.0525018 -0.0448267 0.162954 0.0176776 -0.0331531 0.21663 -0.0167819 -0.0113253 0.21725 -0.0536871 0.00466187 0.20526
75.347 0.0280913 -0.0670522 0.139363 0.0524775 -0.0471349 0.157982 0.0143739 -0.0325904 0.21626 -0.0192693 -0.0112833 0.217241 -0.053806 0.00368319 0.204892
75.5472 0.0195036 -0.0716669 0.138312 0.0517003 -0.0467968 0.160295 0.0140813 -0.0312416 0.216687 -0.0189782 -0.0104569 0.216285 -0.0531694 0.00537412 0.204758
75.7474 0.0250327 -0.0705731 0.141529 0.0510586 -0.0417258 0.159434 0.0155653 -0.0312634 0.217545 -0.0201825 -0.0101943 0.21606 -0.0528699 0.0039438 0.204815
75.9477 0.0181938 -0.0708028 0.137288 0.0497218 -0.0407695 0.157466 0.0136578 -0.0316281 0.218003 -0.0194309 -0.014823 0.214757 -0.0521156 0.00211456 0.204411
76.1481 0.0154561 -0.0733467 0.134671 0.0496465 -0.0403667 0.157331 0.0136576 -0.031785 0.217997 -0.0189089 -0.0143629 0.215258 -0.0518554 0.00285071 0.208542
76.3484 0.0174538 -0.0690089 0.140282 0.0486957 -0.0407713 0.157259 0.0136756 -0.0332364 0.216738 -0.01971 -0.0143504 0.214025 -0.0509362 0.00134827 0.208399
76.5485 0.0165702 -0.0731871 0.137032 0.0487237 -0.0400438 0.156508 0.0141404 -0.0324252 0.217333 -0.0203331 -0.0146521 0.214047 -0.0514057 0.00484361 0.208874
76.7488 0.0187311 -0.0740539 0.137287 0.0490799 -0.0420935 0.160856 0.0136011 -0.0353005 0.217537 -0.0206545 -0.0131435 0.215276 -0.0513222 0.00472483 0.208147
76.949 0.0192076 -0.072616 0.137297 0.0487624 -0.0442843 0.161163 0.0160597 -0.0343559 0.217842 -0.02032 -0.0127481 0.215673 -0.0505877 0.00618845 0.208693
77.1492 0.0194607 -0.0727981 0.13655 0.00674541 -0.0754526 0.163398 0.0136008 -0.0344064 0.217551 -0.020754 -0.0131899 0.215687 -0.0512128 0.00556666 0.208127
77.3494 0.02151 -0.070481 0.138258 0.00828018 -0.0761633 0.155792 0.0122619 -0.0361832 0.216742 -0.0209134 -0.0132048 0.216866 -0.0541501 0.0062898 0.207076
77.5496 0.0228966 -0.0666131 0.137517 0.0461924 -0.0728826 0.157147 0.0103967 -0.0339868 0.217131 -0.0260665 -0.014483 0.214567 -0.0524825 0.00626656 0.206937
77.7497 0.0261721 -0.0664096 0.138048 0.0376246 -0.0656083 0.142461 0.010298 -0.0343746 0.217491 -0.0257876 -0.0157227 0.212686 -0.0524083 0.00489732 0.207502
77.9499 0.0263227 -0.0674024 0.137701 0.044412 -0.0396737 0.153619 0.0168044 -0.0346663 0.217994 -0.0223976 -0.0156632 0.214421 -0.0508217 0.00152883 0.206195
78.1501 0.0261774 -0.06764 0.137704 0.0495448 -0.0421543 0.15786 0.0167986 -0.0346845 0.217958 -0.022558 -0.0161358 0.214237 -0.0510176 0.00466378 0.207988
78.3504 0.0271357 -0.0681664 0.137714 0.0511404 -0.0449495 0.157647 0.0164156 -0.0347016 0.217839 -0.0216613 -0.0157198 0.214741 -0.0514265 0.00185411 0.205993
78.5505 0.0279494 -0.0690724 0.13927 0.0515434 -0.0418575 0.159834 0.016346 -0.0308721 0.218354 -0.0201269 -0.0138584 0.21632 -0.0518182 0.00286568 0.20724
78.7507 0.0287434 -0.0643741 0.138082 0.0523812 -0.0396815 0.159302 0.0192095 -0.0305362 0.218565 -0.0160023 -0.0142995 0.216605 -0.053922 0.00342394 0.206356
78.9508 0.0276856 -0.0618647 0.140373 0.0537433 -0.0414716 0.158203 0.0189091 -0.0300633 0.218707 -0.0162857 -0.0126924 0.215657 -0.049666 0.00468367 0.20777
79.151 0.0279162 -0.0640602 0.13789 0.0511634 -0.0424918 0.162126 0.0158016 -0.0302884 0.218707 -0.0162645 -0.0126658 0.215633 -0.0525306 0.00372509 0.204995
79.3512 0.0292624 -0.0620526 0.135898 0.0488252 -0.039524 0.15534 0.0197479 -0.0314777 0.2198 -0.0155109 -0.015529 0.214397 -0.0531037 0.00726877 0.207416
79.5514 0.032766 -0.0590802 0.134326 0.0495076 -0.0430702 0.153348 0.0196701 -0.0306917 0.220482 -0.0144275 -0.0155419 0.214375 -0.0465314 0.00719821 0.209613
79.7517 0.0246781 -0.0695816 0.138333 0.0243572 -0.0300605 0.153939 0.0197171 -0.0305938 0.220401 -0.0131078 -0.013461 0.218629 -0.0530742 -0.00206548 0.204204
79.952 0.0369001 -0.0619097 0.144172 0.0254529 -0.0280107 0.156399 0.0202781 -0.029728 0.219248 -0.0117879 -0.0110774 0.220002 -0.050988 -0.00823722 0.206026
80.1522 0.0295548 -0.0662919 0.137931 0.0485082 -0.0379449 0.156564 0.0192556 -0.0347569 0.21609 -0.0141825 -0.0127876 0.218734 -0.0505659 -0.00418921 0.204979
80.3524 0.0244894 -0.0671315 0.135548 0.0475668 -0.0376627 0.159441 0.0148027 -0.0358899 0.216224 -0.0194482 -0.0144159 0.218664 -0.0550652 -0.0015548 0.205539
80.5526 0.0238917 -0.0700214 0.136419 0.046991 -0.0360641 0.15633 0.0146755 -0.0367581 0.215264 -0.0187291 -0.0165576 0.217189 -0.0554224 -0.00127766 0.207236
80.7528 0.0237798 -0.0703764 0.136526 0.0460126 -0.0365832 0.157152 0.0145228 -0.0368663 0.215246 -0.0180824 -0.0184262 0.215852 -0.0578954 -0.00204048 0.205072
80.9531 0.0234064 -0.0693168 0.136921 0.0498083 -0.0420165 0.156786 0.0153608 -0.0364894 0.215347 -0.0177804 -0.0148824 0.218581 -0.0571177 -3.38789e-05 0.204352
81.1579 0.0228693 -0.0692067 0.138369 0.0417727 -0.0333971 0.165159 0.015226 -0.0360541 0.215821 -0.0181424 -0.01526 0.217984 -0.0570465 0.000482442 0.203838
81.3584 0.0240815 -0.0694466 0.138458 0.0337 -0.0491596 0.184581 0.0152438 -0.03631 0.2154 -0.020836 -0.0177774 0.215984 -0.0575893 -0.00208965 0.205054
81.5587 0.0221902 -0.069536 0.137566 0.0296824 -0.0334059 0.169264 0.0156204 -0.0359324 0.215657 -0.0204893 -0.0169811 0.217483 -0.0586471 -0.00127253 0.207013
81.759 0.0181254 -0.073641 0.13421 0.0193201 -0.0537198 0.184307 0.0125667 -0.0368426 0.216785 -0.024079 -0.0178948 0.216156 -0.0590287 -0.00169884 0.207619
81.9593 0.0195667 -0.0752216 0.136082 0.0172296 -0.0514037 0.185604 0.0125951 -0.0340361 0.215736 -0.0187106 -0.0133974 0.216958 -0.0565239 -0.000277112 0.204869
82.1596 0.0210837 -0.0697534 0.136864 0.0199256 -0.0467577 0.18394 0.0142987 -0.0331342 0.21681 -0.019448 -0.0143553 0.216271 -0.0574156 -0.000477351 0.207052
82.3598 0.019215 -0.0762706 0.135009 0.0272358 -0.0446942 0.184582 0.0127697 -0.0367026 0.217329 -0.0237085 -0.0196802 0.210988 -0.0573634 0.0021907 0.205089
82.56 0.024444 -0.0632654 0.138331 -0.00946072 -0.0298688 0.174898 0.00892275 -0.033612 0.217616 -0.02996 -0.0124524 0.214724 -0.057885 0.00679691 0.205122
82.7603 0.0208736 -0.0606188 0.13517 -0.00376206 -0.0246222 0.172568 0.00875987 -0.0353968 0.218063 -0.0311366 -0.00491829 0.174223 -0.0594355 0.00259193 0.207227
82.9607 0.0194042 -0.0664757 0.136001 -0.00117443 -0.0270369 0.177059 0.00883962 -0.0341932 0.218386 -0.0295671 -0.00108229 0.173323 -0.059652 0.00636337 0.204427
83.161 0.0221562 -0.0660597 0.138655 0.025102 -0.0793004 0.17861 0.00942065 -0.0342664 0.218538 -0.0271319 -0.0115067 0.216197 -0.0648144 0.00874026 0.204475
83.3613 0.0193826 -0.0724077 0.137624 0.0233071 -0.0726191 0.178339 0.00891093 -0.0368826 0.217042 -0.0252408 -0.0186304 0.21453 -0.0638891 -8.33442e-05 0.204933
83.5616 0.0221637 -0.0724686 0.136284 0.0126883 -0.074726 0.169402 0.00919277 -0.039407 0.215101 -0.025444 -0.0185219 0.214935 -0.0643825 -0.000374033 0.205574
83.7619 0.0218239 -0.0730147 0.136217 0.0132704 -0.0730204 0.146297 0.00931287 -0.0383409 0.216128 -0.0255016 -0.0187043 0.214668 -0.0643363 -0.000199012 0.205677
83.9623 0.0246373 -0.0670088 0.138959 0.0166628 -0.0780757 0.162732 0.0115668 -0.0348321 0.218139 -0.0227347 -0.0172763 0.216405 -0.0608694 -0.00146236 0.20623
84.1626 0.0255198 -0.0651859 0.139367 0.0175867 -0.0764632 0.163301 0.011736 -0.0343902 0.218034 -0.0221497 -0.0148803 0.217282 -0.0607451 0.00054341 0.205721
84.3629 0.0254622 -0.0654282 0.140028 0.0231533 -0.079147 0.160739 0.0092342 -0.0338989 0.218486 -0.0218523 -0.0147979 0.216701 -0.0607563 0.00428581 0.206531
84.5632 0.0238046 -0.064689 0.138945 0.043917 -0.0319718 0.161916 0.0119208 -0.0336585 0.218485 -0.0222992 -0.0147112 0.216441 -0.0584954 0.00497845 0.206557
84.7636 0.0244028 -0.0651483 0.137311 0.0449587 -0.0339009 0.164913 0.013624 -0.0332363 0.219214 -0.0190555 -0.0135476 0.217391 -0.0583887 0.000584915 0.2063
84.9643 0.027891 -0.0640736 0.139068 0.0433022 -0.0345236 0.162269 0.0105948 -0.0335155 0.218995 -0.0187871 -0.0134303 0.217349 -0.0583887 0.000584915 0.2063
85.1646 0.0297712 -0.064613 0.138543 0.044395 -0.0314939 0.162169 0.0118628 -0.0379498 0.216517 -0.0197307 -0.0188986 0.216442 -0.0600199 -0.0029073 0.206547
85.3649 0.0289548 -0.0689565 0.138615 0.0452852 -0.0321669 0.160852 0.0118803 -0.0378145 0.21665 -0.0197952 -0.0192811 0.216135 -0.0602385 -0.00313088 0.206546
85.5651 0.0243942 -0.0708709 0.134937 0.0434637 -0.034964 0.162019 0.0118001 -0.0389282 0.216317 -0.0198047 -0.0189792 0.216541 -0.0601269 -0.00267573 0.206637
85.7654 0.0230646 -0.0699586 0.134835 0.0409391 -0.0315192 0.161909 0.0129497 -0.0371244 0.215409 -0.0236848 -0.0189631 0.215662 -0.0596989 -0.00557252 0.205479
85.9656 0.0269383 -0.0700425 0.135218 0.0335202 -0.0316579 0.165206 0.0145566 -0.0361197 0.215861 -0.0186228 -0.016552 0.217037 -0.0565095 -0.00763415 0.2054
86.1662 0.0269038 -0.0698745 0.135116 0.0275143 -0.0635259 0.183193 0.0137392 -0.0364714 0.215112 -0.0182708 -0.0174839 0.216854 -0.0597186 -0.00729854 0.204456
86.3664 0.0296928 -0.0622289 0.136413 0.0217534 -0.0663234 0.184367 0.0136935 -0.0357456 0.215796 -0.0180103 -0.0177111 0.216041 -0.059152 -0.00694006 0.20487
86.5666 0.0266627 -0.0700144 0.136027 0.0239763 -0.0677558 0.181263 0.013895 -0.0352387 0.216146 -0.0179282 -0.0146223 0.218228 -0.0564268 -0.00189851 0.207946
86.7667 0.0246024 -0.0693184 0.138682 0.0206869 -0.0704717 0.177931 0.0128796 -0.0349356 0.217075 -0.0182215 -0.0137449 0.217876 -0.0580218 0.00183228 0.207436
86.967 0.0245715 -0.0692263 0.138463 0.0211415 -0.0709259 0.177493 0.0119612 -0.0349731 0.217275 -0.0180463 -0.0147295 0.217446 -0.0578935 0.00182215 0.207806
87.1673 0.0240615 -0.0688523 0.137481 0.0196324 -0.0710414 0.176894 0.0118532 -0.0342702 0.217757 -0.0219737 -0.0140766 0.218074 -0.0595809 -0.00122293 0.206965
87.3675 0.0223336 -0.0677846 0.136935 0.0266305 -0.0603102 0.184534 0.0104402 -0.034481 0.21767 -0.0243964 -0.0145611 0.21788 -0.0603494 -0.000987004 0.20643
87.5678 0.0230449 -0.0676887 0.135788 0.0264015 -0.0602265 0.185195 0.0103731 -0.0351365 0.217736 -0.0238223 -0.0152672 0.217223 -0.0592314 -0.00298488 0.207503
87.7682 0.0258851 -0.0698241 0.135272 0.0454138 -0.0400643 0.16939 0.0117551 -0.0379521 0.215589 -0.0196865 -0.0178851 0.216619 -0.0598928 -0.00478324 0.205883
87.9684 0.0263515 -0.0689252 0.135669 0.0442196 -0.0383619 0.161264 0.0133722 -0.038505 0.215536 -0.0186803 -0.0190868 0.216052 -0.0588682 -0.00418231 0.206432
88.1686 0.0254501 -0.0694913 0.135163 0.0448049 -0.0365964 0.160226 0.0133997 -0.0379606 0.216028 -0.018648 -0.0164665 0.217681 -0.0586218 -0.00379279 0.205547
88.3688 0.0180838 -0.0636185 0.136127 0.0447944 -0.0352019 0.163727 0.0116666 -0.0369629 0.216418 -0.0193714 -0.0194535 0.21363 -0.0579585 0.000237454 0.206315
88.569 0.0182038 -0.0618606 0.137533 0.0178745 -0.0249077 0.166635 0.00794215 -0.0354074 0.216609 -0.0217655 -0.0166247 0.21258 -0.0559259 0.00396061 0.208694
88.7694 0.019352 -0.0636299 0.140365 0.0129523 -0.0340416 0.178016 0.000295592 -0.0342845 0.21618 -0.020677 -0.0104812 0.217695 -0.059561 0.00615896 0.207762
88.9697 0.0202697 -0.0644308 0.139101 0.0152557 -0.0303755 0.169962 0.00719583 -0.0361864 0.217579 -0.020494 -0.0115724 0.21661 -0.0627138 0.00650889 0.205979
89.17 0.0208541 -0.0645068 0.139454 0.0390191 -0.0388558 0.165908 0.00763519 -0.0349665 0.215857 -0.0211356 -0.0121928 0.216296 -0.0613135 0.00542528 0.207892
89.3702 0.021525 -0.0658268 0.138648 0.0423849 -0.0384317 0.17411 0.00768052 -0.0340951 0.215807 -0.021999 -0.0110901 0.216587 -0.0588303 0.00544923 0.205642
89.5706 0.0565581 -0.0635709 0.137349 0.0421115 -0.0385077 0.216632 0.0179712 -0.0110345 0.225775 -0.0214036 -0.00678115 0.218838 -0.0548467 0.00635634 0.206144
89.771 0.0683795 -0.0554351 0.138196 0.0433627 -0.0347532 0.217518 0.0172792 -0.0110751 0.225572 -0.018409 -0.006429 0.219922 -0.0546245 0.00166503 0.207885
89.9716 0.0671849 -0.0533175 0.131346 0.0480108 -0.0285649 0.216756 0.0169309 -0.012018 0.225305 -0.0181115 -0.00677221 0.219676 -0.0542837 -0.0032768 0.207885
90.1719 0.0729769 -0.0509813 0.131641 0.0475621 -0.0284781 0.216773 0.016936 -0.0150684 0.224399 -0.0197084 -0.00921192 0.218359 -0.0541792 -0.00585211 0.209919
90.3721 0.0773359 -0.0489736 0.133199 0.0498494 -0.0255058 0.217017 0.0179118 -0.0143376 0.224733 -0.0225723 -0.0170619 0.21109 -0.0541856 -0.0058373 0.209945
90.5724 0.0811006 -0.0277208 0.135708 0.0523543 -0.0262366 0.21626 0.0107704 -0.0252197 0.208698 -0.0240201 -0.0178984 0.207685 -0.0436484 -0.0100754 0.206866
90.7728 0.0811006 -0.0277208 0.135708 0.0523543 -0.0262366 0.21626 0.0107704 -0.0252197 0.208698 -0.0240201 -0.0178984 0.207685 -0.0436484 -0.0100754 0.206866
90.8231 0.0811006 -0.0277208 0.135708 0.0523543 -0.0262366 0.21626 0.0107704 -0.0252197 0.208698 -0.0240201 -0.0178984 0.207685 -0.0436484 -0.0100754 0.206866
90.8733 0.0811006 -0.0277208 0.135708 0.0523543 -0.0262366 0.21626 0.0107704 -0.0252197 0.208698 -0.0240201 -0.0178984 0.207685 -0.0436484 -0.0100754 0.206866
90.9234 0.0811006 -0.0277208 0.135708 0.0523543 -0.0262366 0.21626 0.0107704 -0.0252197 0.208698 -0.0240201 -0.0178984 0.207685 -0.0436484 -0.0100754 0.206866
90.9737 0.0811006 -0.0277208 0.135708 0.0523543 -0.0262366 0.21626 0.0107704 -0.0252197 0.208698 -0.0240201 -0.0178984 0.207685 -0.0436484 -0.0100754 0.206866
91.024 0.0811006 -0.0277208 0.135708 0.0523543 -0.0262366 0.21626 0.0107704 -0.0252197 0.208698 -0.0240201 -0.0178984 0.207685 -0.0436484 -0.0100754 0.206866
91.0742 0.0811006 -0.0277208 0.135708 0.0523543 -0.0262366 0.21626 0.0107704 -0.0252197 0.208698 -0.0240201 -0.0178984 0.207685 -0.0436484 -0.0100754 0.206866
91.1243 0.0811006 -0.0277208 0.135708 0.0523543 -0.0262366 0.21626 0.0107704 -0.0252197 0.208698 -0.0240201 -0.0178984 0.207685 -0.0436484 -0.0100754 0.206866
91.1745 0.0811006 -0.0277208 0.135708 0.0523543 -0.0262366 0.21626 0.0107704 -0.0252197 0.208698 -0.0240201 -0.0178984 0.207685 -0.0436484 -0.0100754 0.206866
91.2247 0.0811006 -0.0277208 0.135708 0.0523543 -0.0262366 0.21626 0.0107704 -0.0252197 0.208698 -0.0240201 -0.0178984 0.207685 -0.0436484 -0.0100754 0.206866
91.2749 0.0811006 -0.0277208 0.135708 0.0523543 -0.0262366 0.21626 0.0107704 -0.0252197 0.208698 -0.0240201 -0.0178984 0.207685 -0.0436484 -0.0100754 0.206866
91.325 0.0811006 -0.0277208 0.135708 0.0523543 -0.0262366 0.21626 0.0107704 -0.0252197 0.208698 -0.0240201 -0.0178984 0.207685 -0.0436484 -0.0100754 0.206866
91.3752 0.0811006 -0.0277208 0.135708 0.0523543 -0.0262366 0.21626 0.0107704 -0.0252197 0.208698 -0.0240201 -0.0178984 0.207685 -0.0436484 -0.0100754 0.206866
91.4257 0.0811006 -0.0277208 0.135708 0.0523543 -0.0262366 0.21626 0.0107704 -0.0252197 0.208698 -0.0240201 -0.0178984 0.207685 -0.0436484 -0.0100754 0.206866
91.4762 0.0811006 -0.0277208 0.135708 0.0523543 -0.0262366 0.21626 0.0107704 -0.0252197 0.208698 -0.0240201 -0.0178984 0.207685 -0.0436484 -0.0100754 0.206866
91.5264 0.0811006 -0.0277208 0.135708 0.0523543 -0.0262366 0.21626 0.0107704 -0.0252197 0.208698 -0.0240201 -0.0178984 0.207685 -0.0436484 -0.0100754 0.206866
91.5766 0.0811006 -0.0277208 0.135708 0.0523543 -0.0262366 0.21626 0.0107704 -0.0252197 0.208698 -0.0240201 -0.0178984 0.207685 -0.0436484 -0.0100754 0.206866
91.6268 0.0811006 -0.0277208 0.135708 0.0523543 -0.0262366 0.21626 0.0107704 -0.0252197 0.208698 -0.0240201 -0.0178984 0.207685 -0.0436484 -0.0100754 0.206866
91.677 0.0811006 -0.0277208 0.135708 0.0523543 -0.0262366 0.21626 0.0107704 -0.0252197 0.208698 -0.0240201 -0.0178984 0.207685 -0.0436484 -0.0100754 0.206866
91.7272 0.0811006 -0.0277208 0.135708 0.0523543 -0.0262366 0.21626 0.0107704 -0.0252197 0.208698 -0.0240201 -0.0178984 0.207685 -0.0436484 -0.0100754 0.206866
91.7773 0.0811006 -0.0277208 0.135708 0.0523543 -0.0262366 0.21626 0.0107704 -0.0252197 0.208698 -0.0240201 -0.0178984 0.207685 -0.0436484 -0.0100754 0.206866
91.8275 0.0811006 -0.0277208 0.135708 0.0523543 -0.0262366 0.21626 0.0107704 -0.0252197 0.208698 -0.0240201 -0.0178984 0.207685 -0.0436484 -0.0100754 0.206866
91.8776 0.0811006 -0.0277208 0.135708 0.0523543 -0.0262366 0.21626 0.0107704 -0.0252197 0.208698 -0.0240201 -0.0178984 0.207685 -0.0436484 -0.0100754 0.206866
91.9277 0.0811006 -0.0277208 0.135708 0.0523543 -0.0262366 0.21626 0.0107704 -0.0252197 0.208698 -0.0240201 -0.0178984 0.207685 -0.0436484 -0.0100754 0.206866
91.9779 0.0811006 -0.0277208 0.135708 0.0523543 -0.0262366 0.21626 0.0107704 -0.0252197 0.208698 -0.0240201 -0.0178984 0.207685 -0.0436484 -0.0100754 0.206866
92.0281 0.0811006 -0.0277208 0.135708 0.0523543 -0.0262366 0.21626 0.0107704 -0.0252197 0.208698 -0.0240201 -0.0178984 0.207685 -0.0436484 -0.0100754 0.206866
92.0783 0.0811006 -0.0277208 0.135708 0.0523543 -0.0262366 0.21626 0.0107704 -0.0252197 0.208698 -0.0240201 -0.0178984 0.207685 -0.0436484 -0.0100754 0.206866
92.1284 0.0811006 -0.0277208 0.135708 0.0523543 -0.0262366 0.21626 0.0107704 -0.0252197 0.208698 -0.0240201 -0.0178984 0.207685 -0.0436484 -0.0100754 0.206866
92.1785 0.0811006 -0.0277208 0.135708 0.0523543 -0.0262366 0.21626 0.0107704 -0.0252197 0.208698 -0.0240201 -0.0178984 0.207685 -0.0436484 -0.0100754 0.206866
92.2287 0.0811006 -0.0277208 0.135708 0.0523543 -0.0262366 0.21626 0.0107704 -0.0252197 0.208698 -0.0240201 -0.0178984 0.207685 -0.0436484 -0.0100754 0.206866
92.2788 0.0811006 -0.0277208 0.135708 0.0523543 -0.0262366 0.21626 0.0107704 -0.0252197 0.208698 -0.0240201 -0.0178984 0.207685 -0.0436484 -0.0100754 0.206866
92.3289 0.0811006 -0.0277208 0.135708 0.0523543 -0.0262366 0.21626 0.0107704 -0.0252197 0.208698 -0.0240201 -0.0178984 0.207685 -0.0436484 -0.0100754 0.206866
92.3791 0.0811006 -0.0277208 0.135708 0.0523543 -0.0262366 0.21626 0.0107704 -0.0252197 0.208698 -0.0240201 -0.0178984 0.207685 -0.0436484 -0.0100754 0.206866
92.4292 0.0811006 -0.0277208 0.135708 0.0523543 -0.0262366 0.21626 0.0107704 -0.0252197 0.208698 -0.0240201 -0.0178984 0.207685 -0.0436484 -0.0100754 0.206866
92.4794 0.0811006 -0.0277208 0.135708 0.0523543 -0.0262366 0.21626 0.0107704 -0.0252197 0.208698 -0.0240201 -0.0178984 0.207685 -0.0436484 -0.0100754 0.206866
