29.628 0 0 0.034 0 0 0.034 0 0 0.034 0 0 0.034 0 0 0.034
29.826 0 0 0.034 0 0 0.034 0 0 0.034 0 0 0.034 0 0 0.034
29.896 0 0 0.034 0 0 0.034 0 0 0.034 0 0 0.034 0 0 0.034
29.948 0.0286805 -0.00765159 0.157856 0.0212677 -0.00812524 0.131156 0.00271905 -0.00111672 0.128204 -0.00847621 -0.00127441 0.127881 -0.0194738 0 0.114089
30.158 0.0263105 -0.00976311 0.150356 0.0170607 -0.00396649 0.129384 0.00164071 0.00118062 0.128587 -0.0127015 0.000841548 0.125803 -0.0274237 0.00255122 0.118626
30.366 0.031976 -0.013046 0.145916 0.0267641 0.00466163 0.129467 0.00301674 0.00652702 0.128163 -0.0113353 0.0116953 0.125395 -0.0300934 0.0191808 0.115433
30.578 0.0331585 -0.0123926 0.145948 0.0265872 0.0115868 0.126952 0.0107086 0.011831 0.127044 -0.00547593 0.0122963 0.123329 -0.0272426 0.0268884 0.110029
30.78 0.0362335 -0.00756233 0.141574 0.0281514 0.0088664 0.125625 0.0108315 0.0128154 0.126341 -0.00349549 0.0169539 0.121148 -0.0290126 0.0215553 0.112772
30.978 0.0352344 -0.00443873 0.142499 0.0256632 0.0133035 0.124051 0.00960553 0.013182 0.125166 -0.00451869 0.0202254 0.121662 -0.0285912 0.02429 0.111122
31.194 0.0386473 -0.00581694 0.14873 0.0190513 0.00155352 0.128542 0.00176725 0.00328246 0.129117 -0.0113578 0.00279542 0.125908 -0.0409699 0.0115307 0.129655
31.412 0.0427642 -0.0299206 0.130517 0.0179325 -0.0337855 0.138847 0.00275714 -0.0252587 0.133885 -0.0180193 -0.00932843 0.143239 -0.0369236 -0.00425265 0.121973
31.626 0.0598752 -0.0483511 0.141903 0.0361699 -0.0393973 0.153106 0.00283641 -0.0451503 0.209002 -0.0199892 -0.064098 0.179527 -0.0443768 -0.0598099 0.175911
31.846 0.0816673 -0.036866 0.13684 0.0415104 -0.0391639 0.177412 0.0108106 -0.0409387 0.207994 -0.0181249 -0.0444286 0.197564 -0.0565637 -0.0554861 0.182193
32.058 0.0915683 -0.0484051 0.128805 0.0465631 -0.0373671 0.197776 0.0132962 -0.0301691 0.217906 -0.0175547 -0.0323554 0.213283 -0.0630427 -0.0361493 0.193251
32.274 0.0903155 -0.0363151 0.127155 0.0660868 -0.019783 0.211068 0.0136987 0.00380641 0.225524 -0.0167488 -0.0337746 0.208174 -0.0667275 -0.0315761 0.199525
32.494 0.0946339 -0.0483153 0.122745 0.0647609 -0.0168698 0.217887 0.0215789 0.0091075 0.224725 -0.0114845 0.00104761 0.223774 -0.0708588 -0.00883118 0.207108
32.71 0.0973281 -0.040592 0.116137 0.0643983 -0.0051973 0.218515 0.0242585 0.0147322 0.223405 -0.0109507 0.00586886 0.223941 -0.0691884 -0.0100794 0.207343
32.932 0.0984701 -0.0408499 0.114827 0.0638616 -0.00543851 0.218754 0.0246745 0.0102638 0.225283 -0.0113852 0.00583692 0.223924 -0.0690649 -0.0160191 0.206937
33.142 0.0978329 -0.0416701 0.115746 0.0536325 -0.00460794 0.218888 0.0192789 0.0137576 0.223366 -0.0164604 0.00296241 0.224203 -0.0707113 -0.0162636 0.206138
33.362 0.0914457 -0.0543337 0.118421 0.0522592 -0.00857046 0.217502 0.019314 0.00534673 0.225126 -0.0187934 0.00154279 0.223914 -0.0724302 -0.0164276 0.205358
33.584 0.0893876 -0.0546767 0.120096 0.0519598 -0.0231952 0.220841 0.0194974 -0.0149335 0.227167 -0.021079 -0.00131035 0.223248 -0.0717336 -0.0278355 0.20343
33.8 0.0853437 -0.0513437 0.127905 0.0335262 -0.0421322 0.213891 0.00629149 -0.0432048 0.215492 -0.0221108 -0.0336503 0.217724 -0.0651646 -0.0401371 0.197863
34.014 0.0816792 -0.0456422 0.13288 0.0334074 -0.0466638 0.208429 0.00662427 -0.0539915 0.202866 -0.0225274 -0.0489109 0.20743 -0.0569543 -0.0456012 0.192506
34.232 0.0707059 -0.0396373 0.137405 0.0288388 -0.0568627 0.199507 0.00575888 -0.0583087 0.200807 -0.0221009 -0.0583101 0.195279 -0.0532258 -0.0465338 0.187165
34.45 0.0580407 -0.0419821 0.137731 0.0118917 -0.0476223 0.160313 -0.00276256 -0.0584097 0.151329 -0.0361743 -0.0724773 0.150291 -0.0536163 -0.0708931 0.165497
34.668 0.0571617 -0.0447882 0.136493 0.0149975 -0.0476005 0.15222 -0.00261514 -0.0463216 0.131232 -0.0326894 -0.0305509 0.120945 -0.0392202 -0.0524525 0.132547
34.884 0.0511003 -0.0351742 0.140477 0.0214267 -0.0352888 0.141147 -0.00349283 -0.0348023 0.126395 -0.0195793 -0.0372985 0.127252 -0.036365 -0.0326287 0.106974
35.092 0.0467369 -0.00807273 0.157157 0.0187943 0.00340897 0.135924 0.00185249 -0.00220029 0.135423 -0.0176411 -0.0172754 0.126795 -0.0312993 -0.0236512 0.103312
35.314 0.0327179 -0.00127455 0.149435 0.017235 0.00796778 0.135192 0.00390746 0.0100222 0.129234 -0.0189011 -0.00410936 0.122267 -0.0408653 0.0193941 0.123606
35.532 0.0300569 -0.00492397 0.145684 0.0158167 0.00446338 0.132071 0.00295705 0.013731 0.1291 -0.0202624 0.0118534 0.123496 -0.0447234 0.0240367 0.121072
35.746 0.0290547 -0.00723993 0.146839 0.0196046 -0.00525397 0.127012 0.0103069 0.011097 0.12976 -0.0149761 0.0126568 0.122459 -0.0340337 0.0215714 0.12387
35.96 0.0268188 -0.0123615 0.146446 0.0252592 -0.0130607 0.125194 0.012113 0.00554678 0.128611 -0.012403 0.0140562 0.123135 -0.0301134 0.0219503 0.120443
36.18 0.0261614 -0.0132479 0.14756 0.0253403 -0.0128736 0.122973 0.0124717 0.00520368 0.128282 -0.0113585 0.0135081 0.123896 -0.0288622 0.0236978 0.120474
36.394 0.0290895 -0.00234794 0.146538 0.0264762 -0.00721306 0.125553 0.0117984 0.00566941 0.127526 -0.0123935 0.0119369 0.124208 -0.0339319 0.0183558 0.11924
36.604 0.0311698 -0.00276311 0.14306 0.0254865 -0.00657715 0.126352 0.0114037 0.0177558 0.126999 -0.0178213 0.0102599 0.123787 -0.0379418 0.0131126 0.121033
36.828 0.100176 -0.011933 0.123709 0.0584454 0.00559236 0.167447 0.0247529 0.0101943 0.226972 -0.00901657 0.00189756 0.224328 -0.061686 -0.0114292 0.208261
37.044 0.101768 -0.0310279 0.124722 0.0590233 -0.0190667 0.182799 0.02482 0.0103991 0.226948 -0.0124673 -0.00129299 0.224359 -0.0622265 -0.0210139 0.209795
37.242 0.0901627 -0.0333676 0.133838 0.0606232 -0.023217 0.192353 0.02549 -0.00148675 0.226667 -0.0135268 -0.0238565 0.211907 -0.0501393 -0.0410205 0.200808
37.462 0.0785695 -0.0335279 0.135667 0.0599205 -0.0233441 0.188849 0.0232958 -0.000468084 0.226929 -0.0135399 -0.0293245 0.201025 -0.0514852 -0.0534839 0.184857
37.676 0.0560184 -0.0557309 0.136117 0.0497426 -0.0424101 0.193412 0.0141293 -0.033129 0.208023 -0.016939 -0.0317205 0.198811 -0.0459828 -0.058736 0.184434
37.894 0.0450072 -0.0615343 0.13624 0.0279313 -0.0393425 0.165018 -0.00447867 -0.0217406 0.190513 -0.0140575 -0.0375405 0.173642 -0.0551407 -0.0414771 0.201987
38.112 0.0389318 -0.0609732 0.135733 0.0270667 -0.0333812 0.149928 0.0012793 -0.0281485 0.162818 -0.0289771 -0.0287916 0.179088 -0.0557191 -0.0301308 0.172966
38.328 0.0393779 -0.0585395 0.136159 0.0341571 -0.0346025 0.143824 0.00174891 -0.0312798 0.110532 -0.0281489 -0.0293277 0.178322 -0.0545388 -0.031169 0.173869
38.544 0.0355919 -0.0550459 0.136111 0.0147434 -0.0503877 0.132818 -0.00508501 -0.0296944 0.113931 -0.0149703 -0.00676987 0.117407 -0.0222617 -0.0111582 0.119508
38.764 0.0307209 -0.0546298 0.137264 0.0099253 -0.0476502 0.133989 -0.00498803 -0.033749 0.117448 -0.0184041 -0.00855206 0.118951 -0.0291418 -0.0105006 0.111089
38.976 0.0232211 -0.0539152 0.13764 0.00418093 -0.0393721 0.125846 -0.0015314 -0.0186559 0.118501 -0.0131083 -0.0172046 0.123609 -0.0301807 -0.0215212 0.11635
39.188 0.0245035 -0.0518781 0.138713 0.00524971 -0.0224718 0.125959 -0.00108651 -0.0100119 0.127039 -0.0147599 -0.00789905 0.12956 -0.0287048 -0.0126763 0.110243
39.408 0.0276354 -0.0133494 0.14742 0.0182061 0.00239561 0.1273 0.00291111 0.00346464 0.130899 -0.0139085 -0.000106595 0.126169 -0.0298205 -0.000989962 0.119117
39.624 0.0325635 -0.0113002 0.147767 0.0257416 -0.0024393 0.128574 0.00344197 0.00168466 0.128649 -0.0126464 0.00523184 0.128021 -0.0283293 0.0147975 0.122604
39.846 0.0331585 -0.0123926 0.145948 0.0265872 0.0115868 0.126952 0.0107086 0.011831 0.127044 -0.00547593 0.0122963 0.123329 -0.0272426 0.0268884 0.110029
40.058 0.0346094 -0.0106774 0.146102 0.028628 0.00968215 0.128491 0.0105391 0.0127587 0.12585 -0.00395395 0.0157984 0.121438 -0.028071 0.0216124 0.112976
40.26 0.0352344 -0.00443873 0.142499 0.0256632 0.0133035 0.124051 0.00960553 0.013182 0.125166 -0.00451869 0.0202254 0.121662 -0.0285912 0.02429 0.111122
40.48 0.0350116 -0.00423832 0.142945 0.0277875 0.0129037 0.125093 0.00939234 0.0127632 0.125134 -0.0116551 0.0189205 0.122097 -0.0356465 0.0191101 0.114901
40.692 0.0427642 -0.0299206 0.130517 0.0179325 -0.0337855 0.138847 0.00275714 -0.0252587 0.133885 -0.0180193 -0.00932843 0.143239 -0.0369236 -0.00425265 0.121973
40.904 0.0501488 -0.0487307 0.143192 0.0259807 -0.0345895 0.144019 0.00331665 -0.0143775 0.162495 -0.0181403 -0.0615422 0.160582 -0.034958 -0.0314913 0.131914
41.104 0.0816673 -0.036866 0.13684 0.0415104 -0.0391639 0.177412 0.0108106 -0.0409387 0.207994 -0.0181249 -0.0444286 0.197564 -0.0565637 -0.0554861 0.182193
41.31 0.0874904 -0.035107 0.131705 0.042059 -0.0373796 0.198578 0.0104733 -0.0302484 0.219071 -0.0212028 -0.0360814 0.209653 -0.056495 -0.0369888 0.196312
41.504 0.0903155 -0.0363151 0.127155 0.0660868 -0.019783 0.211068 0.0136987 0.00380641 0.225524 -0.0167488 -0.0337746 0.208174 -0.0667275 -0.0315761 0.199525
41.724 0.0946339 -0.0483153 0.122745 0.0647609 -0.0168698 0.217887 0.0215789 0.0091075 0.224725 -0.0114845 0.00104761 0.223774 -0.0708588 -0.00883118 0.207108
41.94 0.0967117 -0.0436195 0.121373 0.0646772 -0.00511513 0.21835 0.0217934 0.0103264 0.22619 -0.0109084 0.00190833 0.223614 -0.0705973 -0.00856161 0.20667
42.156 0.0984701 -0.0408499 0.114827 0.0638616 -0.00543851 0.218754 0.0246745 0.0102638 0.225283 -0.0113852 0.00583692 0.223924 -0.0690649 -0.0160191 0.206937
42.372 0.0981349 -0.0415428 0.114972 0.0546506 -0.00728466 0.219297 0.0201014 0.0132742 0.22338 -0.0123187 0.0057799 0.223967 -0.0699164 -0.0158086 0.206416
42.594 0.0914457 -0.0543337 0.118421 0.0522592 -0.00857046 0.217502 0.019314 0.00534673 0.225126 -0.0187934 0.00154279 0.223914 -0.0724302 -0.0164276 0.205358
42.81 0.0893876 -0.0546767 0.120096 0.0519598 -0.0231952 0.220841 0.0194974 -0.0149335 0.227167 -0.021079 -0.00131035 0.223248 -0.0717336 -0.0278355 0.20343
43.026 0.0853437 -0.0513437 0.127905 0.0335262 -0.0421322 0.213891 0.00629149 -0.0432048 0.215492 -0.0221108 -0.0336503 0.217724 -0.0651646 -0.0401371 0.197863
43.18 0.0816792 -0.0456422 0.13288 0.0334074 -0.0466638 0.208429 0.00662427 -0.0539915 0.202866 -0.0225274 -0.0489109 0.20743 -0.0569543 -0.0456012 0.192506
