54.324 0 0 0.034 0 0 0.034 0 0 0.034 0 0 0.034 0 0 0.034
54.54 0 0 0.034 0 0 0.034 0 0 0.034 0 0 0.034 0 0 0.034
54.596 0 0 0.034 0 0 0.034 0 0 0.034 0 0 0.034 0 0 0.034
54.65 0.0390646 -0.062633 0.13496 0.0289325 -0.0387799 0.152133 0.00544895 -0.0251319 0.155336 -0.0104978 -0.0115419 0.140289 -0.048869 0.000567247 0.157843
54.868 0.0398237 -0.0620419 0.135816 0.0266522 -0.0352391 0.149847 0.000941846 -0.0315096 0.16279 -0.0133045 -0.0125443 0.137704 -0.035295 -0.0139074 0.122121
55.086 0.0393779 -0.0585395 0.136159 0.0341571 -0.0346025 0.143824 0.00174891 -0.0312798 0.110532 -0.0281489 -0.0293277 0.178322 -0.0545388 -0.031169 0.173869
55.3 0.037118 -0.0558383 0.135742 0.020931 -0.0451144 0.141043 -0.000112249 -0.0329048 0.112192 -0.0214208 -0.00058397 0.121552 -0.0218917 -0.00939483 0.11978
55.518 0.0307209 -0.0546298 0.137264 0.0099253 -0.0476502 0.133989 -0.00498803 -0.033749 0.117448 -0.0184041 -0.00855206 0.118951 -0.0291418 -0.0105006 0.111089
55.736 0.0244432 -0.0566973 0.136508 0.00619837 -0.0396012 0.124621 -0.00041316 -0.02064 0.125426 -0.0127199 -0.0176315 0.119275 -0.0292965 -0.0224377 0.113702
55.952 0.0245035 -0.0518781 0.138713 0.00524971 -0.0224718 0.125959 -0.00108651 -0.0100119 0.127039 -0.0147599 -0.00789905 0.12956 -0.0287048 -0.0126763 0.110243
56.17 0.0292059 -0.0224486 0.148485 0.0188702 -0.00552188 0.131192 0.00392758 -0.00191425 0.136461 -0.0140271 -0.0111384 0.130341 -0.0272104 -0.0128614 0.109601
56.384 0.0325635 -0.0113002 0.147767 0.0257416 -0.0024393 0.128574 0.00344197 0.00168466 0.128649 -0.0126464 0.00523184 0.128021 -0.0283293 0.0147975 0.122604
56.608 0.031976 -0.013046 0.145916 0.0267641 0.00466163 0.129467 0.00301674 0.00652702 0.128163 -0.0113353 0.0116953 0.125395 -0.0300934 0.0191808 0.115433
56.816 0.0346094 -0.0106774 0.146102 0.028628 0.00968215 0.128491 0.0105391 0.0127587 0.12585 -0.00395395 0.0157984 0.121438 -0.028071 0.0216124 0.112976
57.036 0.0362335 -0.00756233 0.141574 0.0281514 0.0088664 0.125625 0.0108315 0.0128154 0.126341 -0.00349549 0.0169539 0.121148 -0.0290126 0.0215553 0.112772
57.252 0.0350116 -0.00423832 0.142945 0.0277875 0.0129037 0.125093 0.00939234 0.0127632 0.125134 -0.0116551 0.0189205 0.122097 -0.0356465 0.0191101 0.114901
57.474 0.0427642 -0.0299206 0.130517 0.0179325 -0.0337855 0.138847 0.00275714 -0.0252587 0.133885 -0.0180193 -0.00932843 0.143239 -0.0369236 -0.00425265 0.121973
57.69 0.0501488 -0.0487307 0.143192 0.0259807 -0.0345895 0.144019 0.00331665 -0.0143775 0.162495 -0.0181403 -0.0615422 0.160582 -0.034958 -0.0314913 0.131914
57.906 0.0816673 -0.036866 0.13684 0.0415104 -0.0391639 0.177412 0.0108106 -0.0409387 0.207994 -0.0181249 -0.0444286 0.197564 -0.0565637 -0.0554861 0.182193
58.122 0.0874904 -0.035107 0.131705 0.042059 -0.0373796 0.198578 0.0104733 -0.0302484 0.219071 -0.0212028 -0.0360814 0.209653 -0.056495 -0.0369888 0.196312
58.338 0.0903155 -0.0363151 0.127155 0.0660868 -0.019783 0.211068 0.0136987 0.00380641 0.225524 -0.0167488 -0.0337746 0.208174 -0.0667275 -0.0315761 0.199525
58.5 0.0950489 -0.0433321 0.123696 0.064926 -0.017138 0.217563 0.0203116 0.00848557 0.224497 -0.0171662 -0.0204069 0.216702 -0.0699136 -0.0103428 0.207088
58.5 0.0950489 -0.0433321 0.123696 0.064926 -0.017138 0.217563 0.0203116 0.00848557 0.224497 -0.0171662 -0.0204069 0.216702 -0.0699136 -0.0103428 0.207088
