18.308 0.111157 -0.00875391 0.121656 0.0330092 -0.000326183 0.225 0.0110092 -0.000334002 0.229 -0.0109908 -0.000326183 0.225 -0.0329908 -0.000312301 0.2165 
18.54 0.111157 -0.00875391 0.121656 0.0330092 -0.000326183 0.225 0.0110092 -0.000334002 0.229 -0.0109908 -0.000326183 0.225 -0.0329908 -0.000312301 0.2165 
18.594 0.111157 -0.00875391 0.121656 0.0330092 -0.000326183 0.225 0.0110092 -0.000334002 0.229 -0.0109908 -0.000326183 0.225 -0.0329908 -0.000312302 0.2165 
18.648 0.111157 -0.00875391 0.121656 0.0330092 -0.000326183 0.225 0.0110092 -0.000334002 0.229 -0.0109908 -0.000326183 0.225 -0.0329908 -0.000312302 0.2165 
18.868 0.111157 -0.00875391 0.121656 0.0330092 -0.000326183 0.225 0.0110092 -0.000334002 0.229 -0.0109908 -0.000326183 0.225 -0.0329908 -0.000312302 0.2165 
19.086 0.111157 -0.00875391 0.121656 0.0330092 -0.000326183 0.225 0.0110092 -0.000334002 0.229 -0.0109908 -0.000326183 0.225 -0.0329908 -0.000312302 0.2165 
19.292 0.111157 -0.00875391 0.121656 0.0330092 -0.000326183 0.225 0.0110092 -0.000334002 0.229 -0.0109908 -0.000326183 0.225 -0.0329908 -0.000312302 0.2165 
19.508 0.082905 -0.043239 0.138219 0.0387312 -0.0304963 0.211375 0.0127083 -0.0338514 0.213726 -0.0108594 -0.0327826 0.211217 -0.0332072 -0.0327927 0.203366 
19.724 0.0494941 -0.0430605 0.146074 0.0402332 -0.028442 0.195933 0.0136827 -0.0353516 0.193631 -0.0106982 -0.0337492 0.192486 -0.0341441 -0.0340722 0.186895 
19.94 0.0495854 -0.0363226 0.148193 0.040063 -0.0212676 0.196103 0.0131844 -0.0378161 0.184153 -0.0105981 -0.0251567 0.194297 -0.0343728 -0.0256895 0.188775 
20.156 0.0485907 -0.036809 0.14759 0.0377859 -0.0244339 0.188041 0.0129673 -0.0323146 0.182524 -0.0101702 -0.02569 0.187537 -0.0329527 -0.0280683 0.180557 
20.366 0.046731 -0.0318944 0.148646 0.0351012 -0.0187436 0.180822 0.0125899 -0.020285 0.181102 -0.00931873 -0.0178746 0.181895 -0.0288257 -0.0239247 0.175358 
20.592 0.044685 -0.029412 0.149673 0.0349957 -0.0156863 0.180232 0.0124869 -0.0161406 0.181602 -0.00930226 -0.0138631 0.182074 -0.0269791 -0.0216907 0.17538 
20.808 0.0450299 -0.0231905 0.151237 0.0349659 -0.00618842 0.180563 0.012351 -0.00606069 0.182405 -0.00937088 -0.00415525 0.182291 -0.0264049 -0.0122125 0.176678 
21.042 0.0454547 -0.010131 0.153211 0.0349886 0.0125252 0.180742 0.0122411 0.0121009 0.18207 -0.00996182 0.0122487 0.180556 -0.0260237 0.0059986 0.177816 
21.254 0.044331 -0.00701095 0.153789 0.0349048 0.0155444 0.180409 0.011792 0.0151821 0.181787 -0.0101572 0.0150956 0.180069 -0.0262367 0.00927766 0.177727 
21.472 0.0430021 -0.00715305 0.15389 0.0347252 0.0154486 0.180327 0.0116448 0.0152396 0.18181 -0.0102841 0.015147 0.180038 -0.028708 0.0118151 0.177886 
21.68 0.0403612 -0.00762783 0.153934 0.0339041 0.016349 0.180854 0.0115619 0.0182213 0.183701 -0.010417 0.0176444 0.181469 -0.0334506 0.0166042 0.177688 
21.904 0.0408562 -0.00660316 0.154026 0.0338191 0.0166056 0.180983 0.0113304 0.0183855 0.183781 -0.0105179 0.0182528 0.181766 -0.0336226 0.0166184 0.177549 
22.122 0.0425081 -0.00482976 0.154029 0.0337432 0.0172718 0.181409 0.011122 0.0184426 0.183851 -0.0106294 0.0196621 0.182553 -0.0337968 0.0167844 0.177536 
22.338 0.0507105 -0.00951193 0.152607 0.0337644 0.00433107 0.184586 0.0111406 0.00367031 0.186105 -0.0105897 0.0100624 0.187914 -0.0340276 0.00325102 0.179674 
22.554 0.0626683 -0.0102287 0.151692 0.0342589 -0.00298959 0.197117 0.011302 -0.00452827 0.19923 -0.010809 0.0016206 0.199199 -0.0367895 -0.00479922 0.189823 
22.77 0.0711571 -0.0142173 0.149122 0.0349208 -0.016613 0.207643 0.0113756 -0.0135819 0.216492 -0.0141797 -0.0149839 0.210513 -0.0429746 -0.0234948 0.196924 
22.986 0.0723987 -0.030112 0.145733 0.035276 -0.0326001 0.206783 0.0109859 -0.0268454 0.218771 -0.0163831 -0.0297076 0.212755 -0.0486887 -0.0351696 0.199134 
23.202 0.0728991 -0.03447 0.144265 0.0357698 -0.0284907 0.213756 0.00942501 -0.0204824 0.223675 -0.0188832 -0.0233583 0.217774 -0.0552262 -0.029239 0.203649 
23.418 0.0728005 -0.0354939 0.143838 0.0371983 -0.0172231 0.219732 0.00773951 0.00372884 0.228631 -0.0218291 -0.000731838 0.223771 -0.0633813 -0.0100717 0.209474 
23.634 0.0739999 -0.0317612 0.144557 0.0377177 -0.00834747 0.222539 0.00729772 0.00499842 0.228555 -0.0222426 0.00103728 0.22373 -0.0637291 -0.00830913 0.209491 
23.85 0.0746728 -0.0302467 0.144721 0.0379645 -0.00449271 0.223457 0.00695975 0.0053049 0.228544 -0.0225603 0.00237491 0.223808 -0.0639713 -0.00766268 0.209561 
24.066 0.0754597 -0.0290021 0.144688 0.0375443 -0.00455401 0.223467 0.00661522 0.00564374 0.228535 -0.0229008 0.00444393 0.223881 -0.0637085 -0.0112609 0.208597 
24.282 0.0733853 -0.0295457 0.145583 0.0362634 -0.00762947 0.223647 0.00633418 0.00336186 0.228727 -0.0233203 0.00411548 0.224067 -0.0639274 -0.0141854 0.208387 
24.498 0.0709765 -0.0354414 0.144954 0.0362939 -0.0161888 0.22345 0.00644445 -0.00869628 0.228658 -0.0236226 -0.00462758 0.22411 -0.0642494 -0.0216653 0.208171 
24.714 0.0718986 -0.0360917 0.14434 0.0362039 -0.0308632 0.219794 0.00683321 -0.0281393 0.225037 -0.0227488 -0.0184627 0.223034 -0.0572415 -0.0331272 0.206819 
24.93 0.0722188 -0.0359539 0.144176 0.0360354 -0.0409043 0.215329 0.00818544 -0.0406151 0.219625 -0.018467 -0.0319305 0.220004 -0.0513078 -0.0411388 0.204413 
25.148 0.0707763 -0.0345284 0.144977 0.035944 -0.0504022 0.206675 0.0114246 -0.050084 0.211254 -0.0147859 -0.049622 0.20757 -0.042432 -0.0490259 0.198672 
25.364 0.0675874 -0.0406973 0.144296 0.0381689 -0.0597541 0.187232 0.0145832 -0.0608276 0.191388 -0.0104352 -0.0604372 0.18911 -0.0321829 -0.0637706 0.177547 
25.582 0.0641315 -0.0372604 0.145984 0.0375395 -0.0479297 0.171219 0.0150509 -0.051563 0.180431 -0.00867922 -0.0512302 0.179443 -0.02095 -0.0580102 0.158564 
25.798 0.063295 -0.0297416 0.148259 0.0375091 -0.0382653 0.173975 0.0151517 -0.0411609 0.183654 -0.00863872 -0.0421148 0.181237 -0.0209471 -0.0496567 0.160767 
26.014 0.0598031 -0.0288838 0.149468 0.036248 -0.0311681 0.171434 0.0148609 -0.0312805 0.184017 -0.00897794 -0.0355109 0.178195 -0.0243321 -0.0407722 0.158999 
26.23 0.0491956 -0.017366 0.153415 0.0339218 -0.00792007 0.163929 0.0130664 -0.00329247 0.179592 -0.0102971 -0.00770865 0.175303 -0.0305241 -0.0129715 0.15602 
26.448 0.0466259 -0.00370482 0.15506 0.0335957 0.0055743 0.161675 0.012613 0.0131949 0.178135 -0.0105132 0.00843436 0.174452 -0.031411 0.00157444 0.155673 
26.648 0.0440236 -0.00242664 0.155549 0.0331925 0.00385921 0.158055 0.0121449 0.0148925 0.177912 -0.0104959 0.0122354 0.175837 -0.0319563 0.00534243 0.157254 
26.864 0.0427614 -0.0040618 0.15542 0.0331564 0.00366798 0.157736 0.0120767 0.0147596 0.17778 -0.0105213 0.0132624 0.176511 -0.0321656 0.0054961 0.157154 
27.086 0.0420259 -0.00500961 0.15538 0.0331133 0.00345561 0.157432 0.0120053 0.0144923 0.177543 -0.0105934 0.0139931 0.176961 -0.0323703 0.00506965 0.156527 
27.306 0.0419409 -0.00500574 0.155507 0.0330855 0.00343611 0.157424 0.0119356 0.0143571 0.177409 -0.0107609 0.0141404 0.177025 -0.0324851 0.00436421 0.155714 
27.536 0.0419812 -0.00512508 0.155359 0.0330644 0.00341122 0.157279 0.0118508 0.0142549 0.177292 -0.0108907 0.0141312 0.176978 -0.032612 0.00420824 0.155388 
27.752 0.0519402 -0.00219201 0.1545 0.0333846 0.00622316 0.164553 0.0117885 0.0173108 0.182995 -0.0118589 0.0161887 0.181257 -0.0336798 0.00570482 0.165705 
27.966 0.0759144 -0.00481828 0.147628 0.0347401 -0.00746177 0.196683 0.0067708 0.0277402 0.222024 -0.0239259 0.0242138 0.217016 -0.0580108 0.00440593 0.20089 
28.188 0.071556 -0.0206221 0.147753 0.0350407 -0.0219901 0.200065 0.00637608 0.0128315 0.226449 -0.0233525 -0.00790258 0.214561 -0.0549245 -0.0221485 0.197167 
28.404 0.0681835 -0.0257446 0.148009 0.0368267 -0.0280666 0.200984 0.00664236 0.00364238 0.226835 -0.0223863 -0.0207122 0.209384 -0.0500909 -0.0350845 0.190394 
28.618 0.0617384 -0.0321906 0.14837 0.0376527 -0.0346361 0.198056 0.00721547 -0.012564 0.223564 -0.0214868 -0.0260431 0.2092 -0.0478768 -0.0390312 0.191332 
28.836 0.0584693 -0.0400423 0.146595 0.0389725 -0.0404359 0.1902 0.00951921 -0.0282305 0.214427 -0.0151052 -0.0297606 0.209236 -0.0416733 -0.0432056 0.194215 
29.052 0.053312 -0.0441747 0.145131 0.0382239 -0.0380737 0.16942 0.0132136 -0.0368228 0.187443 -0.00291099 -0.0273019 0.205516 -0.0249294 -0.0379266 0.198803 
29.268 0.0509677 -0.0377487 0.147781 0.0373482 -0.0317914 0.167541 0.0126449 -0.0377534 0.176675 -0.00609384 -0.0255958 0.197254 -0.0284895 -0.0324201 0.192185 
29.484 0.0493457 -0.03617 0.148388 0.0359698 -0.0304528 0.165066 0.012119 -0.0392376 0.1694 -0.00929823 -0.0281515 0.188382 -0.0329418 -0.0314092 0.184027 
29.7 0.0479302 -0.0352441 0.147842 0.0333922 -0.0262861 0.153137 0.0117037 -0.0283712 0.166658 -0.010642 -0.0267472 0.159017 -0.0280245 -0.0326821 0.15392 
29.916 0.0460767 -0.0309281 0.148744 0.0326935 -0.0180798 0.150176 0.0116438 -0.0168361 0.167652 -0.0108167 -0.0164744 0.156349 -0.0267196 -0.0250656 0.148689 
30.132 0.044488 -0.0266112 0.149597 0.0321192 -0.0115163 0.146788 0.0116406 -0.00713126 0.16842 -0.0108143 -0.00757586 0.157256 -0.0263574 -0.0190188 0.146706 
30.348 0.0439369 -0.0156827 0.152824 0.0327429 -0.00354512 0.150691 0.0115127 0.000884924 0.169944 -0.0109268 -0.0027977 0.15581 -0.0261437 -0.0150258 0.145171 
30.564 0.0438949 -0.0113898 0.153273 0.0329037 0.00125745 0.152006 0.0113645 0.00615 0.170642 -0.0109792 0.000564154 0.15517 -0.0265728 -0.0108598 0.146126 
30.78 0.0439929 -0.00890702 0.152924 0.0329127 0.00504025 0.151932 0.0111662 0.0104804 0.170401 -0.0109888 0.00730401 0.158378 -0.0323758 0.00362459 0.15436 
30.996 0.0423437 -0.00832817 0.15332 0.0329252 0.00535453 0.151989 0.0110824 0.0108751 0.170483 -0.0110034 0.00771399 0.158575 -0.0325677 0.00416653 0.154518 
31.212 0.0416482 -0.00744574 0.153632 0.0329635 0.00553345 0.152144 0.0109729 0.0120257 0.171418 -0.0110128 0.00817022 0.15904 -0.032717 0.00433124 0.154551 
31.43 0.0434835 -0.00590156 0.153658 0.032996 0.00570491 0.152306 0.0109101 0.0121374 0.171464 -0.0110341 0.00836974 0.15924 -0.0328498 0.00442476 0.154532 
31.646 0.0483378 -0.00412978 0.154325 0.0330854 0.00236084 0.161818 0.010754 0.0124791 0.182716 -0.0111404 0.00280913 0.169162 -0.0332017 -0.000168903 0.161045 
31.864 0.0537744 -0.0181238 0.153055 0.0346606 -0.0224508 0.170353 0.010743 -0.0117391 0.193901 -0.0112986 -0.0246851 0.178972 -0.0337177 -0.0238677 0.170424 
32.08 0.0587242 -0.026674 0.150993 0.0356706 -0.0405004 0.176393 0.0107682 -0.027186 0.211319 -0.0115913 -0.0414949 0.187783 -0.0343492 -0.0416588 0.184451 
32.298 0.0679656 -0.031502 0.147031 0.0372295 -0.0449843 0.194097 0.010039 -0.0240966 0.221402 -0.0156787 -0.0446561 0.197749 -0.045223 -0.0444935 0.193896 
32.516 0.0737771 -0.0278429 0.145741 0.0401281 -0.0309166 0.211538 0.00608578 -0.000734184 0.228457 -0.0205668 -0.0340604 0.208832 -0.0572664 -0.0308758 0.202039 
32.732 0.073592 -0.0314644 0.144858 0.0409298 -0.0189921 0.219323 0.00580307 0.00161596 0.22858 -0.0228938 -0.0263734 0.214854 -0.0611788 -0.0180934 0.208244 
32.95 0.0739235 -0.0321657 0.14448 0.0408311 -0.0150112 0.22079 0.00563286 0.00271929 0.228566 -0.0244981 -0.0174163 0.219283 -0.0630542 -0.0121612 0.209437 
33.166 0.0747581 -0.0306589 0.14447 0.0405856 -0.00612472 0.222939 0.00554454 0.00573304 0.228501 -0.0254081 0.00222083 0.223451 -0.0633066 -0.00974878 0.209452 
33.38 0.0752469 -0.0288426 0.144788 0.0387688 -0.00322097 0.223491 0.00546048 0.00717458 0.228456 -0.025454 0.0041498 0.223459 -0.0633665 -0.010219 0.209032 
33.598 0.0753379 -0.0276712 0.145126 0.0366655 -0.00191446 0.223967 0.00528238 0.00730231 0.228489 -0.0255566 0.00354305 0.22347 -0.0632229 -0.0135736 0.208079 
33.816 0.0722174 -0.0326526 0.145286 0.0365657 -0.0109683 0.223697 0.00544624 -0.00332457 0.228661 -0.0256352 0.00124471 0.223859 -0.0636651 -0.0190618 0.20805 
34.034 0.0714729 -0.0349481 0.14486 0.0364681 -0.0296981 0.21901 0.0071253 -0.0293399 0.223161 -0.0229384 -0.0186864 0.222046 -0.0551548 -0.0342317 0.205597 
34.248 0.0715541 -0.0337671 0.145064 0.0362008 -0.0432783 0.211372 0.00890341 -0.0472389 0.211197 -0.0175 -0.0395188 0.213856 -0.0452778 -0.0454124 0.200524 
34.466 0.0714652 -0.0327356 0.14533 0.0361834 -0.045738 0.209529 0.00949272 -0.0483594 0.210718 -0.0166748 -0.0419013 0.212591 -0.0438377 -0.04722 0.198663 
34.682 0.0702679 -0.0339933 0.145386 0.0366574 -0.0520014 0.20169 0.0122548 -0.054131 0.203422 -0.0134294 -0.0519906 0.203998 -0.0399961 -0.0508031 0.195079 
34.902 0.0664598 -0.0364185 0.145894 0.0400663 -0.0599081 0.181438 0.0178072 -0.0608058 0.194328 -0.00778433 -0.0645143 0.18952 -0.0285853 -0.06382 0.181883 
35.114 0.0631118 -0.0391635 0.146001 0.0380595 -0.0554528 0.17214 0.0163754 -0.0572155 0.185276 -0.00826039 -0.0602706 0.181063 -0.0261584 -0.0633199 0.161671 
35.33 0.0581889 -0.0315552 0.149208 0.0358246 -0.0343225 0.17004 0.014698 -0.0340315 0.182919 -0.00903777 -0.0373296 0.179612 -0.027356 -0.0415343 0.15318 
35.55 0.0493656 -0.0192043 0.152893 0.0338915 -0.00963578 0.160991 0.0125805 -0.00530414 0.179146 -0.00981557 -0.00878134 0.177041 -0.0313086 -0.014518 0.151686 
35.764 0.0457212 -0.00479999 0.154812 0.0333604 0.00492705 0.157639 0.0122943 0.0130874 0.177424 -0.0100692 0.00958131 0.175978 -0.0321105 0.00133321 0.15156 
35.978 0.0432896 -0.00444247 0.155175 0.032989 0.00368498 0.154803 0.0122475 0.0143203 0.177209 -0.010038 0.0133394 0.177576 -0.0322523 0.00421778 0.153247 
36.198 0.0432403 -0.00443858 0.155249 0.0329871 0.00369472 0.154754 0.0122003 0.014292 0.17715 -0.0101161 0.0138748 0.177898 -0.0323945 0.00441627 0.153334 
36.414 0.0431958 -0.00431328 0.155349 0.0329976 0.00380963 0.154825 0.0121439 0.0142719 0.177096 -0.0103221 0.0144358 0.178229 -0.0325233 0.00445988 0.153275 
36.63 0.042786 -0.00486396 0.155416 0.0329848 0.00362561 0.154602 0.0120701 0.0141194 0.176938 -0.0108396 0.014724 0.178378 -0.0326691 0.0030389 0.151763 
36.846 0.0410685 -0.00654799 0.155076 0.032975 0.00348707 0.154388 0.012008 0.0139853 0.176806 -0.010916 0.014867 0.178442 -0.0327461 0.00297414 0.151632 
37.062 0.0412928 -0.00716057 0.154734 0.0329947 0.00376663 0.154698 0.0119115 0.0139855 0.176792 -0.0110016 0.0151993 0.178642 -0.0328222 0.00305985 0.152537 
37.278 0.0767776 0.00564278 0.147247 0.0341976 0.00308819 0.182077 0.00799522 0.0317092 0.214072 -0.0195598 0.0255905 0.208884 -0.0509526 0.00830225 0.192292 
37.494 0.0752569 -0.00604887 0.147982 0.0346011 -0.00927743 0.19473 0.00629273 0.0209381 0.222626 -0.0222162 0.00979901 0.215336 -0.0584927 -0.00158344 0.201 
37.71 0.0719126 -0.0187707 0.148098 0.0350987 -0.0203687 0.20395 0.00598565 0.0102094 0.226588 -0.0227353 -0.00904108 0.215288 -0.0543313 -0.0208891 0.199936 
37.926 0.0662275 -0.0292073 0.147853 0.0365791 -0.0311443 0.201046 0.00631037 -0.00693694 0.225061 -0.0220863 -0.024817 0.210091 -0.0501171 -0.0349546 0.194239 
38.142 0.0592505 -0.0380631 0.147149 0.0384318 -0.0386703 0.193772 0.00842585 -0.0229186 0.218573 -0.0174928 -0.0323832 0.206058 -0.0435922 -0.0441137 0.190102 
38.358 0.0543438 -0.0440799 0.145286 0.0378545 -0.0399963 0.173451 0.0119358 -0.0372994 0.192588 -0.00529745 -0.0327653 0.201338 -0.0286315 -0.0405857 0.194437 
38.576 0.0511799 -0.039974 0.146537 0.0360824 -0.031757 0.165494 0.0122879 -0.0328061 0.178249 -0.00604645 -0.0296586 0.187623 -0.0225752 -0.0391306 0.181815 
38.79 0.0471622 -0.0347815 0.147489 0.0333335 -0.0238004 0.156134 0.0111556 -0.0270328 0.160714 -0.0106672 -0.0237575 0.155734 -0.024667 -0.0314099 0.151184 
39.006 0.0476025 -0.0294984 0.148702 0.0331909 -0.0182992 0.154942 0.0111331 -0.0212029 0.161304 -0.0107 -0.018315 0.156567 -0.0248283 -0.0260016 0.152582 
39.222 0.0473505 -0.0292501 0.148758 0.0329834 -0.0184348 0.151795 0.0111395 -0.0207099 0.161317 -0.0107168 -0.018074 0.156538 -0.0249564 -0.0255633 0.152805 
39.444 0.044459 -0.0283308 0.150006 0.0327211 -0.0184978 0.148058 0.0112357 -0.0190134 0.162986 -0.0107336 -0.0175725 0.156671 -0.0249193 -0.0251776 0.152784 
39.662 0.0445089 -0.0209303 0.151958 0.0327056 -0.00968639 0.14889 0.0113266 -0.00781438 0.165586 -0.0109855 -0.0103721 0.154517 -0.0251275 -0.0188695 0.150044 
39.88 0.0443396 -0.0133825 0.15322 0.0327221 -0.00158944 0.149363 0.0113574 0.00194273 0.166446 -0.0110571 -0.00305103 0.153595 -0.0249685 -0.0128457 0.14835 
40.096 0.0429096 -0.00845624 0.15387 0.0328659 0.00425388 0.149847 0.0110819 0.00826504 0.166298 -0.010956 0.00713858 0.158935 -0.0310623 0.00181765 0.154757 
40.314 0.0413923 -0.00750803 0.153947 0.0329024 0.0050599 0.149951 0.0109175 0.00958862 0.166728 -0.0109872 0.00829014 0.15938 -0.0318779 0.00390119 0.15541 
40.53 0.0399187 -0.0071426 0.153942 0.0329379 0.00514582 0.149996 0.010704 0.0106031 0.167592 -0.0110105 0.00845665 0.159556 -0.0321808 0.00419313 0.155419 
40.746 0.0414921 -0.00609231 0.153826 0.0329534 0.00528582 0.150125 0.0106744 0.0107785 0.167675 -0.0110331 0.00863009 0.159731 -0.032404 0.00465394 0.155663 
40.964 0.044139 -0.0041909 0.153686 0.0329798 0.00569877 0.151013 0.0106651 0.0105924 0.16778 -0.0110595 0.00920645 0.160635 -0.0326418 0.00562451 0.156686 
41.168 0.051822 -0.0103296 0.152311 0.0330258 -0.00641618 0.153757 0.0109148 -0.00425283 0.169338 -0.0110995 -0.00159935 0.165709 -0.0329222 -0.0076034 0.157882 
41.4 0.0665056 -0.00972096 0.150958 0.0334781 -0.0180633 0.173446 0.0107856 -0.0116707 0.196843 -0.0115616 -0.00954853 0.191919 -0.037151 -0.016137 0.180747 
41.616 0.0728558 -0.0207122 0.147634 0.0342016 -0.0345901 0.191197 0.0106301 -0.0246771 0.21318 -0.0145136 -0.0276383 0.206113 -0.0433447 -0.0368887 0.189622 
41.83 0.0734152 -0.0308866 0.145173 0.0347403 -0.0376904 0.202022 0.0104049 -0.0287339 0.217612 -0.0168724 -0.0299437 0.212471 -0.048996 -0.0382999 0.196364 
42.016 0.0732472 -0.0339282 0.144337 0.0355335 -0.0300963 0.212261 0.0094823 -0.0183735 0.224554 -0.0193654 -0.0195618 0.21971 -0.0557792 -0.028328 0.204489 
