24.462 0.106477 -0.0086258 0.128072 0.0330058 -0.000253564 0.225 0.0110058 -0.000258852 0.229 -0.0109942 -0.000253564 0.225 -0.0329942 -0.000243922 0.2165 
24.678 0.106477 -0.0086258 0.128072 0.0330058 -0.000253564 0.225 0.0110058 -0.000258852 0.229 -0.0109942 -0.000253564 0.225 -0.0329942 -0.000243922 0.2165 
24.732 0.106477 -0.0086258 0.128072 0.0330058 -0.000253564 0.225 0.0110058 -0.000258852 0.229 -0.0109942 -0.000253564 0.225 -0.0329942 -0.000243922 0.2165 
24.786 0.106477 -0.0086258 0.128072 0.0330058 -0.000253564 0.225 0.0110058 -0.000258852 0.229 -0.0109942 -0.000253564 0.225 -0.0329942 -0.000243922 0.2165 
25.002 0.106477 -0.0086258 0.128072 0.0330058 -0.000253564 0.225 0.0110058 -0.000258852 0.229 -0.0109942 -0.000253564 0.225 -0.0329942 -0.000243922 0.2165 
25.218 0.0769201 -0.036285 0.143773 0.0329922 -0.0120426 0.212128 0.010879 -0.0109171 0.2161 -0.0110805 -0.0114118 0.212372 -0.0334599 -0.0130144 0.20423 
25.434 0.0380467 -0.0168975 0.154008 0.0329868 0.000532914 0.174315 0.0107885 0.00319907 0.17801 -0.0110937 0.002126 0.175629 -0.0338412 -0.00161358 0.16933 
25.65 0.040164 -0.00473578 0.154904 0.0329828 0.00889796 0.163618 0.0108291 0.0126123 0.167737 -0.0111055 0.0126961 0.166875 -0.0336457 0.00898057 0.16164 
25.866 0.045599 -0.00439993 0.154089 0.032993 0.00985425 0.163498 0.0108045 0.0134072 0.167425 -0.0111292 0.0122871 0.165604 -0.0336949 0.00982543 0.161443 
26.082 0.049425 -0.0027467 0.153656 0.0331752 0.0101636 0.164546 0.0108482 0.0127418 0.167645 -0.0111096 0.00978554 0.16426 -0.0337431 0.00965176 0.161958 
26.298 0.0524218 -0.0104702 0.15376 0.0342698 -0.00316073 0.178468 0.0108199 0.00281606 0.185036 -0.0112891 -0.00542634 0.179587 -0.0343216 -0.00648384 0.171386 
26.514 0.0597471 -0.0228568 0.150948 0.0353014 -0.0220135 0.18753 0.0109717 -0.0155462 0.197658 -0.0114849 -0.0235234 0.19106 -0.0352903 -0.0249481 0.180481 
26.73 0.0748084 -0.0174436 0.147414 0.036844 -0.0210459 0.209982 0.0106842 -0.0114626 0.222109 -0.0169207 -0.0175493 0.214754 -0.046462 -0.0202528 0.204555 
26.946 0.0745776 -0.0275556 0.145509 0.0373656 -0.0198492 0.218427 0.0085115 -0.00951823 0.227224 -0.0212966 -0.0216837 0.217809 -0.0563331 -0.0179634 0.20942 
27.162 0.0737185 -0.0312144 0.144919 0.0378881 -0.0107164 0.222682 0.00667239 0.00182685 0.228777 -0.0249498 -0.0143847 0.220961 -0.0639583 -0.00850069 0.210289 
27.378 0.073012 -0.0332563 0.14467 0.0381351 -0.0111159 0.222659 0.00630867 0.00223397 0.22878 -0.025467 -0.00192477 0.22363 -0.0642867 -0.00801347 0.210312 
27.594 0.0739592 -0.0324716 0.144429 0.0382502 -0.0085646 0.223419 0.0060692 0.00249068 0.228776 -0.0254434 -0.00102377 0.223698 -0.0643134 -0.010161 0.209865 
27.81 0.0748976 -0.0308151 0.144417 0.0381373 -0.00513979 0.224054 0.00587382 0.00371815 0.228746 -0.0255476 0.00029541 0.223691 -0.0640586 -0.0132403 0.208859 
28.026 0.0754867 -0.0303854 0.144292 0.0377231 -0.0051096 0.223987 0.00567955 0.00509215 0.228702 -0.0256573 0.00157468 0.223661 -0.0641511 -0.0124177 0.208789 
28.242 0.0741752 -0.0292536 0.145302 0.0363567 -0.0132086 0.222459 0.00563035 0.000556426 0.228633 -0.0255976 -0.000810922 0.223657 -0.0639985 -0.0141996 0.208642 
28.458 0.0720409 -0.0345331 0.144798 0.0352397 -0.0317687 0.217545 0.00689104 -0.0181256 0.22739 -0.023152 -0.0109162 0.223873 -0.0599941 -0.0217753 0.209777 
28.674 0.072305 -0.036465 0.144039 0.0350274 -0.036899 0.216653 0.00733538 -0.0315472 0.223816 -0.021205 -0.02278 0.222485 -0.0563942 -0.031907 0.20774 
28.89 0.072383 -0.0362755 0.144033 0.0350244 -0.038239 0.216512 0.00773232 -0.0388815 0.220188 -0.019317 -0.0300927 0.220551 -0.0530375 -0.0372647 0.205955 
29.106 0.0712933 -0.0341439 0.144939 0.0350937 -0.0464085 0.209625 0.010367 -0.0472251 0.213041 -0.0156682 -0.0458146 0.210241 -0.044739 -0.0443602 0.201753 
29.322 0.0681247 -0.0396453 0.144333 0.0377669 -0.055414 0.193552 0.0135262 -0.0590284 0.194383 -0.0109781 -0.0593909 0.189967 -0.0358117 -0.0570963 0.186472 
29.538 0.0642352 -0.0368596 0.145817 0.0381283 -0.0449576 0.174806 0.0137336 -0.0498352 0.171168 -0.00916433 -0.0510537 0.166276 -0.0227333 -0.0551856 0.164638 
29.754 0.0601815 -0.0304076 0.148328 0.0370933 -0.0335084 0.173748 0.0131757 -0.0376605 0.170723 -0.00934804 -0.0378563 0.16821 -0.0254585 -0.0455499 0.159691 
29.97 0.0567003 -0.0257972 0.150256 0.0355834 -0.0235726 0.17185 0.0126546 -0.0267119 0.169812 -0.00971165 -0.027311 0.167294 -0.0288589 -0.0340368 0.158452 
30.186 0.0478852 -0.0150603 0.154082 0.0344562 -0.0019787 0.166695 0.012014 -0.00129348 0.168593 -0.0106848 -0.00599464 0.162446 -0.0316371 -0.0052003 0.16235 
30.402 0.0442937 -0.00385831 0.15531 0.0340009 0.0104166 0.164225 0.0118125 0.0127949 0.167271 -0.0108126 0.00709747 0.161268 -0.0322163 0.00922054 0.161855 
30.618 0.0409845 -0.00434773 0.155479 0.0335908 0.00892021 0.162235 0.0116509 0.0133 0.167069 -0.0108271 0.0103408 0.16367 -0.0323627 0.0098119 0.161636 
30.834 0.0382869 -0.00596431 0.155344 0.033274 0.0068428 0.160199 0.0115332 0.0131098 0.166895 -0.0110099 0.0105343 0.163835 -0.0325015 0.00909277 0.160974 
31.05 0.0375689 -0.00568643 0.155418 0.0331355 0.00568896 0.158995 0.0114277 0.0127516 0.16657 -0.011145 0.0107113 0.163987 -0.0326498 0.00828756 0.160244 
31.266 0.0400829 -0.00336854 0.15566 0.0331324 0.00610446 0.159439 0.0113971 0.012818 0.167136 -0.0112142 0.0110322 0.164784 -0.0327992 0.00787623 0.160388 
31.482 0.0758212 0.00461446 0.147413 0.0337933 0.00985217 0.180178 0.00983158 0.0261696 0.205064 -0.0158651 0.0237216 0.201495 -0.0458191 0.0177451 0.193464 
31.698 0.0767939 -0.00463116 0.14724 0.0343547 -0.000960407 0.205379 0.00619019 0.0260893 0.224129 -0.0233814 0.0195983 0.218987 -0.0593325 0.00877347 0.206492 
31.914 0.0748553 -0.0161932 0.147264 0.0345681 -0.00890224 0.215646 0.0047352 0.0180586 0.227603 -0.0270575 0.00674969 0.221814 -0.0598971 -0.0110252 0.206431 
32.13 0.0726156 -0.0239698 0.146831 0.0346184 -0.020778 0.211586 0.00472519 0.00611515 0.228 -0.0261538 -0.0132963 0.21755 -0.0573784 -0.0257585 0.201277 
32.346 0.0651415 -0.0314925 0.14762 0.0368959 -0.0280692 0.206434 0.00548363 -0.00870792 0.225488 -0.0235202 -0.0253633 0.21097 -0.0506668 -0.0360568 0.194713 
32.562 0.0599505 -0.0374313 0.147236 0.0387393 -0.0326213 0.20222 0.00760525 -0.0199065 0.220849 -0.0195967 -0.0297116 0.208511 -0.0460583 -0.0418634 0.192208 
32.778 0.0550996 -0.0438666 0.145311 0.04041 -0.0365228 0.186594 0.0123455 -0.0356102 0.196202 -0.0065794 -0.0280269 0.208554 -0.0324377 -0.0375856 0.201017 
32.994 0.0501681 -0.0421698 0.145067 0.0380565 -0.0286954 0.17428 0.0124329 -0.0317564 0.174491 -0.00589542 -0.0289904 0.188456 -0.0217954 -0.0399517 0.182825 
33.21 0.0467934 -0.0330923 0.14672 0.034474 -0.0154161 0.164882 0.0110619 -0.0205257 0.158372 -0.0103339 -0.0178994 0.160817 -0.0245252 -0.0262482 0.155695 
33.426 0.047227 -0.0295164 0.147983 0.0341854 -0.0140915 0.163242 0.0110653 -0.0177746 0.158702 -0.0103757 -0.0153232 0.161044 -0.024756 -0.0234919 0.156377 
33.642 0.0454701 -0.0287262 0.149038 0.0339653 -0.0148912 0.161706 0.0111516 -0.0168111 0.159771 -0.0104103 -0.0151368 0.16102 -0.024892 -0.0231319 0.156516 
33.858 0.0438957 -0.0280135 0.149892 0.0337667 -0.0155051 0.160322 0.0112706 -0.0154589 0.16135 -0.0104326 -0.014753 0.161166 -0.0246817 -0.0228277 0.156481 
34.074 0.0431677 -0.0207351 0.1518 0.0336301 -0.00568425 0.161069 0.0112831 -0.00428788 0.16373 -0.01065 -0.00604912 0.160513 -0.0248107 -0.017749 0.15162 
34.292 0.0427 -0.0120232 0.153201 0.0335267 0.0043708 0.161365 0.0111559 0.00641543 0.164398 -0.0108447 0.00257539 0.159408 -0.0255966 -0.0102113 0.149898 
34.508 0.0422954 -0.00827134 0.153665 0.0334315 0.00877899 0.162025 0.0109189 0.0101929 0.164325 -0.0111302 0.0100409 0.163205 -0.032005 0.0052127 0.158274 
34.724 0.0406323 -0.00827994 0.153624 0.0334251 0.00974664 0.162796 0.010861 0.0109327 0.164909 -0.0112054 0.010696 0.163696 -0.032721 0.0071471 0.159236 
34.94 0.0396963 -0.00813331 0.153575 0.033382 0.0104098 0.163374 0.010816 0.0116432 0.165559 -0.0112258 0.010803 0.163792 -0.0328739 0.00792332 0.159741 
35.158 0.0408445 -0.00675409 0.153581 0.0331257 0.0105825 0.163515 0.010779 0.0118811 0.165767 -0.0112662 0.0115517 0.164442 -0.0330094 0.00831313 0.159948 
35.374 0.0458497 -0.00508614 0.153095 0.0330476 0.00885876 0.164022 0.0107446 0.0104149 0.166587 -0.0113413 0.01188 0.166707 -0.0331643 0.00722823 0.160767 
35.59 0.0524304 -0.0119082 0.151311 0.0330909 -0.00348045 0.166044 0.011093 -0.0029389 0.16801 -0.0111087 0.00100819 0.170499 -0.0333314 -0.00502211 0.162089 
35.808 0.0588201 -0.0162789 0.152872 0.0344907 -0.0226136 0.185047 0.0115444 -0.0146382 0.207496 -0.0113105 -0.0178031 0.193425 -0.0356268 -0.019271 0.187449 
36.024 0.067576 -0.0327138 0.147061 0.0359423 -0.039798 0.198128 0.0109432 -0.0264614 0.219026 -0.0145184 -0.0374055 0.205655 -0.0433786 -0.037968 0.196072 
36.242 0.073832 -0.0329134 0.144436 0.0364094 -0.035819 0.208589 0.00939809 -0.0263292 0.221389 -0.0188182 -0.0283388 0.216046 -0.0529874 -0.0346798 0.201234 
36.46 0.0739718 -0.0299115 0.145155 0.0379083 -0.0253196 0.21767 0.00688001 -0.0109134 0.22773 -0.0206844 -0.0300106 0.214628 -0.0567302 -0.0310174 0.203491 
36.676 0.0741121 -0.029531 0.14517 0.0401985 -0.0187687 0.220884 0.00561514 -0.00315208 0.228681 -0.0219641 -0.0276808 0.216073 -0.0593422 -0.0266931 0.205715 
36.892 0.0743459 -0.0325014 0.144258 0.0404039 -0.0093323 0.223469 0.00542365 -0.000813864 0.228709 -0.0231886 -0.00799284 0.223363 -0.062629 -0.0143232 0.209669 
37.106 0.0747234 -0.0315028 0.14435 0.0401522 -0.00612162 0.223867 0.00533393 0.0015393 0.22871 -0.0235714 -0.000199063 0.223999 -0.0633299 -0.0119457 0.209741 
37.326 0.0740186 -0.0318333 0.144601 0.0390113 -0.00580053 0.223944 0.00527287 0.00243989 0.228708 -0.023983 0.000533875 0.223949 -0.0633453 -0.0142912 0.208893 
37.544 0.0719905 -0.0354169 0.144488 0.0376032 -0.00747163 0.224118 0.00532474 0.00105982 0.228767 -0.0242808 -0.00104133 0.223953 -0.0636807 -0.0158675 0.208806 
37.762 0.0717185 -0.03566 0.144583 0.0372741 -0.0141344 0.223506 0.00548047 -0.00467106 0.228712 -0.0245421 -0.00376273 0.223956 -0.0638532 -0.0196239 0.208372 
37.976 0.0720038 -0.0353781 0.144558 0.0370167 -0.0261632 0.220704 0.00595972 -0.0234365 0.225709 -0.0244747 -0.0166714 0.222676 -0.0604957 -0.0302591 0.206137 
38.196 0.0729769 -0.0329591 0.144772 0.0366631 -0.040464 0.21394 0.00837291 -0.0459603 0.212492 -0.0185107 -0.0383651 0.214808 -0.0479186 -0.0421962 0.202452 
38.412 0.0716393 -0.0331557 0.145103 0.0364805 -0.0471343 0.208806 0.0103505 -0.0486054 0.211027 -0.0157693 -0.0462363 0.209155 -0.043944 -0.0461519 0.200276 
38.628 0.0699097 -0.0359943 0.144902 0.0364872 -0.0519521 0.202429 0.0120597 -0.0532315 0.20578 -0.0134826 -0.0534306 0.201354 -0.0406909 -0.0498224 0.195779 
38.844 0.0647136 -0.0397737 0.144918 0.0379032 -0.050956 0.177979 0.0137889 -0.0552128 0.1764 -0.00985514 -0.0562826 0.171408 -0.0272385 -0.0586416 0.167752 
39.06 0.0609215 -0.0323334 0.14803 0.0366148 -0.0317384 0.172348 0.0130673 -0.0340527 0.172193 -0.010102 -0.0376362 0.164659 -0.0245269 -0.0441481 0.158489 
39.276 0.0544301 -0.0127638 0.152386 0.0343619 0.000117895 0.165174 0.0119785 0.00114808 0.167663 -0.0108171 -0.00589292 0.158832 -0.0247328 -0.0199739 0.145291 
39.492 0.0492052 -0.00419662 0.154514 0.034249 0.00935852 0.16437 0.0119153 0.0108979 0.167058 -0.0108426 0.00341485 0.158957 -0.0298427 -0.00290784 0.153708 
39.708 0.0455066 -0.00281137 0.155198 0.0339956 0.00985799 0.162801 0.0118133 0.0128871 0.166745 -0.0108183 0.00697061 0.1605 -0.0326577 0.00477699 0.157178 
39.924 0.0429049 -0.00337084 0.155379 0.033675 0.00804861 0.161089 0.0117679 0.01283 0.166687 -0.0107258 0.0105928 0.163905 -0.0324613 0.00639692 0.158449 
40.14 0.0406054 -0.00465627 0.155492 0.0333587 0.00625886 0.159275 0.0116651 0.0127497 0.166606 -0.0108862 0.0108208 0.164095 -0.0325698 0.00665343 0.15855 
40.356 0.0385867 -0.00536439 0.155564 0.0331542 0.00499282 0.157914 0.011475 0.0125784 0.166444 -0.0110319 0.0110185 0.16426 -0.0327048 0.00668013 0.158471 
40.572 0.038185 -0.00537669 0.155579 0.0330844 0.00490116 0.157816 0.0113284 0.0124355 0.16631 -0.0111068 0.0111253 0.164349 -0.0328115 0.00657386 0.158303 
40.788 0.037615 -0.00582335 0.15538 0.0330579 0.00490436 0.157816 0.0112815 0.0123274 0.166208 -0.0111529 0.0111298 0.164349 -0.0329096 0.00645668 0.158138 
41.004 0.0422629 -0.00466052 0.155203 0.0330643 0.00635593 0.160617 0.0112973 0.0134324 0.170892 -0.0113428 0.0118824 0.168481 -0.0332536 0.00694042 0.161562 
41.22 0.073771 -0.00159275 0.148907 0.0334057 -0.00129699 0.191077 0.00825933 0.0226212 0.214758 -0.020162 0.019598 0.209798 -0.0512541 0.0122145 0.198936 
41.436 0.0725936 -0.0182352 0.147807 0.0342403 -0.0144866 0.204985 0.00599593 0.0170162 0.226844 -0.0243036 -0.00205847 0.217128 -0.0575485 -0.0172262 0.199764 
41.652 0.0679435 -0.0269846 0.14787 0.0369916 -0.0246976 0.2061 0.00633583 0.00250121 0.22736 -0.0228335 -0.0220666 0.209695 -0.0505846 -0.0363381 0.190203 
41.868 0.0575278 -0.0373945 0.148171 0.0378901 -0.0323253 0.205376 0.00757186 -0.0195021 0.220939 -0.0211999 -0.0263358 0.210754 -0.0474359 -0.0405731 0.191535 
42.084 0.0519986 -0.0462502 0.145711 0.0390259 -0.0411083 0.195852 0.0111044 -0.0381221 0.20555 -0.0163534 -0.035309 0.205915 -0.0422838 -0.0442257 0.189656 
42.3 0.0496677 -0.0426836 0.146343 0.0381159 -0.0350195 0.177967 0.0132455 -0.0361782 0.180167 -0.0107134 -0.0339293 0.192722 -0.035941 -0.0358353 0.1852 
42.516 0.0483264 -0.0384091 0.147766 0.0377907 -0.0289842 0.177525 0.0124666 -0.036666 0.170991 -0.0106626 -0.0268295 0.192921 -0.0358207 -0.0290931 0.185907 
42.732 0.0475216 -0.0375528 0.14772 0.0370506 -0.0270006 0.174584 0.0119088 -0.0358693 0.164811 -0.0107196 -0.0256697 0.188429 -0.0355048 -0.027766 0.182165 
42.948 0.0473811 -0.0357532 0.146778 0.0343312 -0.0226028 0.161933 0.011422 -0.0241736 0.160916 -0.0104353 -0.0231391 0.16271 -0.0308442 -0.0277952 0.155654 
43.164 0.0462012 -0.0313615 0.147823 0.0337292 -0.0153347 0.159406 0.0113821 -0.0145666 0.16175 -0.0104804 -0.0138756 0.162273 -0.0288352 -0.021547 0.153737 
43.38 0.0443246 -0.0258742 0.149068 0.0330347 -0.0076764 0.155516 0.0113585 -0.0031728 0.162427 -0.0105137 -0.00242665 0.162836 -0.0262467 -0.0151229 0.151476 
43.596 0.0422699 -0.0142297 0.153063 0.0335043 0.00177153 0.159299 0.0112578 0.00375583 0.162528 -0.0105776 0.00431822 0.162638 -0.0264135 -0.00622535 0.155197 
43.812 0.0411945 -0.0076273 0.154281 0.0335754 0.00876563 0.161486 0.0111913 0.00935483 0.163167 -0.0106967 0.00897724 0.162263 -0.0273246 0.00122974 0.157696 
44.028 0.0399094 -0.00767426 0.153987 0.0331841 0.00965713 0.162358 0.0108824 0.0113469 0.165164 -0.0109187 0.00962727 0.162883 -0.0318514 0.00602665 0.15869 
44.244 0.0395768 -0.00777784 0.153839 0.0330833 0.00993144 0.162603 0.0107717 0.0118646 0.165645 -0.0109849 0.0108082 0.163922 -0.0326541 0.00702654 0.158887 
44.46 0.0401441 -0.00748504 0.153804 0.0330483 0.00999536 0.162657 0.0107267 0.0120704 0.165833 -0.0110213 0.0112987 0.164336 -0.0328133 0.0071324 0.158843 
44.676 0.0430036 -0.00582457 0.153812 0.0330134 0.0100803 0.16273 0.0107037 0.012266 0.166011 -0.0111584 0.011586 0.164572 -0.0329967 0.00723209 0.158796 
44.892 0.0481008 -0.00378531 0.154309 0.0330693 0.00726659 0.170158 0.0103442 0.0125838 0.176257 -0.0113598 0.00816958 0.172625 -0.0334166 0.00290568 0.163887 
45.108 0.0535346 -0.0184536 0.15274 0.0350999 -0.0161366 0.179241 0.0114115 -0.00800005 0.188837 -0.0115237 -0.0177369 0.182237 -0.0339895 -0.0201718 0.170579 
45.324 0.0699956 -0.0208883 0.148713 0.0363536 -0.0287878 0.19029 0.0117552 -0.0207036 0.209742 -0.012314 -0.0260683 0.201862 -0.039209 -0.0328583 0.187332 
45.54 0.0738482 -0.0249903 0.146396 0.0373034 -0.0345217 0.202522 0.0110075 -0.0236349 0.220604 -0.015504 -0.0325006 0.208586 -0.0460177 -0.0395112 0.195153 
45.756 0.0741018 -0.0267709 0.145863 0.0393712 -0.0182402 0.219609 0.00633517 -0.00403299 0.228421 -0.0206344 -0.0299756 0.212773 -0.0566993 -0.0316833 0.202665 
45.972 0.0741199 -0.0290945 0.145313 0.0401939 -0.0150204 0.221229 0.00544979 0.000595362 0.228725 -0.0227918 -0.0240873 0.217044 -0.0607855 -0.0219846 0.207502 
46.188 0.0742402 -0.0317293 0.144527 0.0401984 -0.0137923 0.222014 0.00533648 0.00148491 0.228744 -0.024469 -0.0155872 0.220998 -0.0632649 -0.012674 0.209948 
46.404 0.0746753 -0.0315931 0.144255 0.0399554 -0.00882406 0.22292 0.00527027 0.00608046 0.228647 -0.0251092 0.000521301 0.223621 -0.0634447 -0.0100753 0.209781 
46.62 0.0753793 -0.0297591 0.144485 0.0380739 -0.00690132 0.223164 0.00520785 0.00794776 0.228567 -0.0251622 0.00389425 0.223661 -0.0633451 -0.0115468 0.208977 
46.836 0.0742124 -0.0293514 0.145238 0.0368512 -0.0090407 0.223108 0.00520047 0.00572042 0.228635 -0.0251232 0.00237939 0.223711 -0.0633207 -0.0147175 0.208263 
47.052 0.0715306 -0.0347604 0.144971 0.036716 -0.0177355 0.222696 0.00546809 -0.00953714 0.228413 -0.0252625 -0.00389941 0.223881 -0.0637079 -0.0214922 0.207947 
47.268 0.0720668 -0.0365639 0.144139 0.0361344 -0.0336405 0.217857 0.0065493 -0.0196593 0.227389 -0.0245825 -0.0120279 0.223635 -0.0612343 -0.0267831 0.208228 
47.484 0.0720736 -0.0359593 0.144249 0.035199 -0.0409182 0.214077 0.0078592 -0.0324873 0.223294 -0.0213096 -0.0252534 0.221622 -0.0547998 -0.0347856 0.206671 
47.7 0.0718202 -0.0325333 0.145204 0.0352931 -0.0460813 0.209325 0.00984681 -0.0480141 0.210489 -0.0160689 -0.0427132 0.2117 -0.0426723 -0.0463518 0.199048 
47.916 0.0694932 -0.0337453 0.145677 0.0360026 -0.0509734 0.203089 0.0118941 -0.0526492 0.203558 -0.0131997 -0.0495396 0.204063 -0.040949 -0.0469166 0.198661 
48.132 0.0663383 -0.0390691 0.145107 0.0368854 -0.0566227 0.192726 0.0136446 -0.0589383 0.192315 -0.0102762 -0.058448 0.19084 -0.0373495 -0.0528114 0.190962 
48.348 0.0625545 -0.0389158 0.145457 0.0360047 -0.047497 0.172235 0.0135388 -0.0504327 0.171817 -0.00898346 -0.0515734 0.167084 -0.0276625 -0.0540879 0.161996 
48.564 0.0546486 -0.0267397 0.150871 0.0347988 -0.0209544 0.168329 0.0126146 -0.0209558 0.170998 -0.010033 -0.0251688 0.163664 -0.0281678 -0.0276076 0.160988 
48.78 0.0470499 -0.00927317 0.154317 0.0338926 0.00351198 0.162905 0.0117107 0.00616748 0.167236 -0.0107787 0.00101143 0.161175 -0.0317927 -0.000323421 0.158605 
49.014 0.047651 -0.00240352 0.154664 0.0338561 0.00978702 0.162428 0.0116816 0.0126345 0.166587 -0.0108099 0.00713276 0.160739 -0.0320091 0.00619274 0.158568 
49.23 0.04517 -0.00301043 0.155107 0.0337997 0.00958632 0.162216 0.0116706 0.012595 0.166512 -0.0108273 0.00725874 0.160833 -0.0321568 0.00672644 0.158864 
49.446 0.041491 -0.0038223 0.155599 0.0334589 0.00772898 0.160405 0.0116263 0.0125882 0.16647 -0.0108945 0.0101622 0.163547 -0.0322901 0.0069781 0.158953 
49.662 0.0393388 -0.00549229 0.155394 0.0331957 0.00581865 0.158409 0.011574 0.0125204 0.166379 -0.0109331 0.0104479 0.163777 -0.0324358 0.00713607 0.158964 
49.878 0.0378046 -0.00694548 0.155084 0.0330493 0.00419726 0.156595 0.0115023 0.0123289 0.166184 -0.0109636 0.010634 0.163922 -0.0325749 0.00710615 0.158832 
50.094 0.0390519 -0.00797544 0.154509 0.0330438 0.00423203 0.156622 0.0113579 0.0122111 0.166062 -0.0111734 0.0107489 0.164009 -0.0326884 0.00703242 0.15869 
50.31 0.0706127 0.00152181 0.149318 0.0335871 0.00773083 0.173598 0.0104732 0.0234096 0.198328 -0.0149866 0.0209899 0.194643 -0.0413522 0.0138824 0.186143 
50.526 0.0774957 0.000506847 0.146847 0.034184 0.000498226 0.196717 0.00654583 0.0313445 0.222307 -0.0228128 0.0237447 0.217105 -0.0596134 0.00944433 0.203148 
50.742 0.0753326 -0.0132086 0.147434 0.0345364 -0.0075484 0.214446 0.00482741 0.0212133 0.227155 -0.026904 0.0115347 0.221726 -0.0614755 -0.00843765 0.205669 
50.958 0.0700372 -0.0261803 0.147281 0.0349028 -0.0231362 0.209948 0.00472737 0.00193705 0.227333 -0.0262471 -0.0123818 0.217946 -0.0558665 -0.0277126 0.200335 
51.174 0.0600955 -0.0346357 0.148157 0.038289 -0.0326137 0.202658 0.00690806 -0.0154907 0.223048 -0.021104 -0.0292003 0.207988 -0.0470809 -0.0413838 0.190256 
51.39 0.0554227 -0.0401062 0.147723 0.0386647 -0.0366472 0.203267 0.00768136 -0.0246973 0.219225 -0.0208021 -0.0305165 0.209584 -0.0461925 -0.0446592 0.190202 
51.606 0.0531309 -0.0471034 0.144721 0.0402149 -0.0420119 0.188144 0.0118789 -0.0391046 0.198699 -0.00837792 -0.0316663 0.209349 -0.03494 -0.0427048 0.198605 
51.822 0.0525088 -0.0424164 0.145656 0.0394659 -0.0321898 0.178015 0.0131708 -0.0317731 0.184646 -0.00330026 -0.0236425 0.204661 -0.0247159 -0.0340908 0.199295 
52.038 0.0482731 -0.0397542 0.145093 0.0356642 -0.0243757 0.16661 0.0116469 -0.0279037 0.165159 -0.0088345 -0.026353 0.171809 -0.023445 -0.0358216 0.165306 
52.254 0.0452702 -0.0302871 0.148453 0.0340557 -0.0156905 0.161415 0.0111925 -0.0175088 0.160515 -0.0104546 -0.0161746 0.160762 -0.0251723 -0.0246204 0.154526 
52.47 0.0439373 -0.0288804 0.149543 0.0336383 -0.0171036 0.158758 0.0114197 -0.0150647 0.163674 -0.0105347 -0.0159276 0.160787 -0.0252063 -0.0243594 0.154579 
52.686 0.0440581 -0.0285643 0.149766 0.0335766 -0.0170225 0.158356 0.0114187 -0.0148007 0.163594 -0.0105484 -0.0156575 0.160916 -0.025147 -0.0241659 0.154655 
52.902 0.0436605 -0.0236122 0.151128 0.0335399 -0.0106342 0.158851 0.0114018 -0.00813491 0.164026 -0.0105551 -0.00901514 0.16167 -0.025123 -0.0178116 0.155871 
53.118 0.0430751 -0.0119036 0.153109 0.0335503 0.00434321 0.160533 0.0112386 0.00621277 0.164162 -0.0105874 0.00491173 0.161817 -0.0258439 -0.00359093 0.1574 
53.334 0.0429574 -0.008599 0.153282 0.0333714 0.00807341 0.160492 0.0110994 0.0100107 0.164055 -0.0108383 0.00916496 0.162287 -0.0303012 0.00411867 0.158217 
53.55 0.0414289 -0.0081806 0.153368 0.0331841 0.00822981 0.160609 0.0109569 0.0109715 0.164968 -0.0110528 0.0110807 0.164034 -0.0327189 0.00659079 0.158485 
53.766 0.039647 -0.00750962 0.153529 0.0330669 0.00832006 0.160668 0.0108438 0.0121252 0.166028 -0.0111033 0.0113809 0.164298 -0.0328771 0.00670123 0.158455 
53.982 0.0406382 -0.00671795 0.153571 0.0330418 0.00846327 0.160786 0.0108088 0.0123082 0.16618 -0.0111543 0.012042 0.164865 -0.0330142 0.00693086 0.15854 
54.198 0.042777 -0.00524505 0.153486 0.0330203 0.00898291 0.161346 0.010787 0.0123928 0.166322 -0.0112054 0.0129802 0.165715 -0.0331694 0.00796088 0.159349 
54.414 0.0516644 -0.0100935 0.151657 0.0330369 -0.00208678 0.164146 0.0110193 -0.000444062 0.168043 -0.0111915 0.0034631 0.170376 -0.0333595 -0.00356091 0.16096 
54.63 0.0662624 -0.00871969 0.150663 0.0332705 -0.00971689 0.188154 0.0113803 -0.00538052 0.198854 -0.0117085 -0.000957884 0.19695 -0.0373135 -0.00774102 0.18667 
54.846 0.0753318 -0.014252 0.147619 0.0343081 -0.0211324 0.209494 0.0105365 -0.00893899 0.222962 -0.0177337 -0.0114009 0.216685 -0.0478556 -0.0168499 0.205382 
55.062 0.0740592 -0.0296367 0.145256 0.0345734 -0.0337144 0.208242 0.00969659 -0.0213963 0.222591 -0.0182149 -0.0255883 0.215997 -0.0512705 -0.0313388 0.202613 
55.278 0.0734514 -0.033527 0.144419 0.0349476 -0.0310502 0.213169 0.00875977 -0.018507 0.22513 -0.019696 -0.0207148 0.219988 -0.055685 -0.028336 0.205407 
55.494 0.0729946 -0.0353661 0.144015 0.0369644 -0.0171191 0.221515 0.00716743 -0.0021062 0.228777 -0.0221753 -0.00405156 0.224095 -0.0634067 -0.0114529 0.210304 
55.71 0.0744952 -0.032422 0.144112 0.0372829 -0.0104951 0.222854 0.00674804 0.00443488 0.228756 -0.0231287 0.00158774 0.224026 -0.0636788 -0.0100953 0.20987 
55.926 0.0752611 -0.0296537 0.144564 0.0372442 -0.0059063 0.22348 0.00644355 0.00739879 0.228645 -0.0236462 0.003455 0.223874 -0.0635462 -0.0110926 0.209112 
56.142 0.0753616 -0.0289499 0.144761 0.0369155 -0.0043484 0.223815 0.00617675 0.0074344 0.228631 -0.0240161 0.00335061 0.223818 -0.0634793 -0.012958 0.208488 
56.358 0.0727288 -0.0332164 0.144831 0.0366199 -0.0076249 0.223893 0.00602595 0.00330592 0.228755 -0.024357 0.000914414 0.223899 -0.0639372 -0.0140531 0.208703 
56.574 0.0721348 -0.0343951 0.144807 0.0362129 -0.0224312 0.221079 0.00620274 -0.00929827 0.228379 -0.0243664 -0.00583567 0.223922 -0.0632796 -0.0185804 0.209059 
56.79 0.0721164 -0.0350656 0.144522 0.0355337 -0.0381634 0.215062 0.0079386 -0.0302715 0.223894 -0.021276 -0.0235809 0.221947 -0.0551633 -0.0324197 0.207363 
57.006 0.071774 -0.0322088 0.145317 0.0355343 -0.0445316 0.210118 0.00981184 -0.0475792 0.210549 -0.0161286 -0.0426673 0.211594 -0.0428465 -0.045672 0.199281 
57.222 0.0695074 -0.0337272 0.145589 0.0391631 -0.0537878 0.195763 0.0152044 -0.0574849 0.196422 -0.0105949 -0.0593347 0.192617 -0.0353584 -0.0531103 0.192128 
57.438 0.0667763 -0.038032 0.145183 0.0403385 -0.0583989 0.181163 0.0169297 -0.0624366 0.181547 -0.00842597 -0.0649969 0.174266 -0.0282581 -0.0620359 0.179618 
57.654 0.0641717 -0.039425 0.145107 0.0384339 -0.0489645 0.174921 0.0148176 -0.0534326 0.172614 -0.00921646 -0.0545229 0.167661 -0.0238019 -0.0573492 0.165843 
57.87 0.0597311 -0.0305409 0.148423 0.036942 -0.0338361 0.172855 0.0135101 -0.0375349 0.170743 -0.00946229 -0.037491 0.168583 -0.025897 -0.045439 0.15828 
58.086 0.0567149 -0.0258632 0.150253 0.0355983 -0.0244138 0.171095 0.0127256 -0.0270433 0.170055 -0.00977922 -0.027482 0.167721 -0.0290968 -0.0346423 0.157232 
58.302 0.0489252 -0.0153448 0.153724 0.0341412 -0.0028503 0.165929 0.0119831 -0.00145477 0.168888 -0.0105329 -0.00635453 0.162497 -0.0312576 -0.00625765 0.161463 
58.518 0.0485854 -0.0040342 0.154335 0.0339184 0.0105365 0.164142 0.0118545 0.0130287 0.167573 -0.0106387 0.00744234 0.161712 -0.0317839 0.00840939 0.161105 
58.734 0.0459657 -0.00485754 0.154494 0.0337293 0.0095521 0.162562 0.0118168 0.0136396 0.167389 -0.0105831 0.0103711 0.163736 -0.0319706 0.00922142 0.160968 
58.95 0.0382013 -0.00659941 0.155145 0.0332642 0.00571352 0.158754 0.0114366 0.0131036 0.166917 -0.0109588 0.0105842 0.163924 -0.0321704 0.00828488 0.160103 
59.166 0.0389166 -0.00535666 0.155198 0.0331843 0.00525321 0.158255 0.0113448 0.0127977 0.16664 -0.0110922 0.0107925 0.164104 -0.0323746 0.00765483 0.159465 
59.382 0.0399292 -0.00415317 0.155191 0.033159 0.00537708 0.158384 0.0113064 0.012736 0.166578 -0.011218 0.0109095 0.164203 -0.03252 0.00707496 0.158895 
59.598 0.0409911 -0.00477831 0.154861 0.033155 0.00554848 0.158565 0.011283 0.0128729 0.166696 -0.0112578 0.010933 0.164221 -0.0326468 0.00657567 0.15839 
59.814 0.0602338 -0.000249179 0.15274 0.0338449 0.00817746 0.174148 0.0113547 0.0210409 0.19107 -0.0133933 0.0166861 0.186452 -0.0365072 0.00994602 0.177941 
60.03 0.0757871 -0.00543103 0.147769 0.0350027 -0.00772924 0.200371 0.00614951 0.0281945 0.223913 -0.0248235 0.0215175 0.218528 -0.0602467 0.00815501 0.204911 
60.246 0.0728153 -0.0203158 0.147449 0.035363 -0.0180587 0.208134 0.00581207 0.0100214 0.227451 -0.0247644 -0.00686195 0.217872 -0.0575258 -0.0206589 0.201307 
60.462 0.065885 -0.0311156 0.147636 0.0358795 -0.0258717 0.208845 0.00610826 -0.00874813 0.225185 -0.0242436 -0.0194585 0.214554 -0.0517848 -0.0333792 0.196908 
60.678 0.0536126 -0.0410007 0.147841 0.038382 -0.0353807 0.205715 0.00807991 -0.0268018 0.217675 -0.0205715 -0.0283785 0.211554 -0.0462014 -0.0434279 0.191356 
60.894 0.0524673 -0.0460908 0.145682 0.0390748 -0.0415756 0.191262 0.0111442 -0.0316115 0.209749 -0.0118212 -0.0423062 0.196546 -0.0423614 -0.0410636 0.199297 
61.11 0.0503163 -0.0441387 0.14608 0.0382589 -0.0375806 0.181399 0.0122812 -0.0379537 0.191959 -0.00927972 -0.03912 0.189369 -0.0357161 -0.0388753 0.19652 
61.326 0.0479236 -0.0408169 0.146639 0.0368713 -0.0318436 0.174857 0.0115959 -0.0411951 0.164323 -0.009689 -0.0304493 0.189894 -0.0355385 -0.033717 0.18362 
61.542 0.047176 -0.0373976 0.14643 0.0347527 -0.0249542 0.164249 0.0113045 -0.027974 0.161098 -0.0104895 -0.0254809 0.168473 -0.0301458 -0.0297505 0.163716 
61.758 0.0462591 -0.030697 0.148259 0.0339277 -0.0173974 0.160644 0.011161 -0.0183071 0.160109 -0.0107336 -0.0172985 0.161153 -0.0271597 -0.0230909 0.156984 
61.974 0.0444124 -0.0284794 0.149645 0.0337756 -0.0164131 0.159838 0.0111926 -0.016504 0.160528 -0.010704 -0.0155615 0.161385 -0.0264785 -0.0218047 0.156904 
62.19 0.0434998 -0.0237379 0.151405 0.0337234 -0.0105285 0.160211 0.0112334 -0.0101064 0.16166 -0.0106956 -0.00942228 0.162009 -0.0262824 -0.0161803 0.157534 
62.406 0.0420964 -0.00932588 0.154149 0.0336758 0.00685061 0.161649 0.011178 0.00689202 0.162581 -0.0108771 0.00686301 0.162018 -0.0267024 7.22661e-05 0.15853 
62.622 0.041906 -0.00727089 0.154214 0.0335212 0.00865217 0.161564 0.01114 0.00875798 0.162585 -0.0109079 0.0086679 0.161952 -0.0307346 0.00558795 0.158897 
62.838 0.0406419 -0.00739081 0.154121 0.0333387 0.00869825 0.161571 0.0110291 0.00960979 0.163444 -0.0109567 0.00974937 0.162938 -0.0323074 0.00705334 0.158865 
63.054 0.0392576 -0.00747335 0.15403 0.0331819 0.00910985 0.161932 0.0108146 0.012027 0.165763 -0.0110581 0.0112199 0.164229 -0.0325261 0.00712802 0.158774 
63.27 0.039556 -0.00606351 0.154174 0.0331342 0.00946006 0.162239 0.010765 0.012241 0.165951 -0.0111108 0.0118429 0.164751 -0.0327313 0.00748467 0.158932 
63.486 0.0464315 -0.00530311 0.153298 0.0331303 0.00711516 0.163796 0.0107437 0.00879755 0.166644 -0.0111538 0.0108326 0.167442 -0.0329123 0.00508469 0.160055 
63.702 0.0525082 -0.0120134 0.151857 0.0332216 -0.00528035 0.167685 0.0111541 -0.00368033 0.171102 -0.0108698 -0.0013874 0.17204 -0.033124 -0.00755257 0.162542 
63.918 0.0529754 -0.0201121 0.152394 0.0346198 -0.0173591 0.177573 0.0114749 -0.0109242 0.186067 -0.0107655 -0.0185209 0.180232 -0.0335315 -0.0212084 0.168869 
64.134 0.0677628 -0.0213587 0.149291 0.0363796 -0.0241958 0.196629 0.0118161 -0.0162694 0.209272 -0.0125836 -0.0228337 0.202035 -0.0385403 -0.0269039 0.190356 
64.35 0.075185 -0.0212235 0.146587 0.0375722 -0.0252201 0.212484 0.00969677 -0.0132175 0.22478 -0.0182343 -0.0232364 0.215009 -0.0493038 -0.0273472 0.203763 
64.566 0.0740813 -0.0266695 0.145909 0.0393451 -0.0186596 0.219799 0.00599666 -0.00268916 0.228512 -0.021196 -0.0282846 0.213971 -0.0575881 -0.0287033 0.203725 
64.782 0.0740662 -0.0296562 0.145204 0.040031 -0.0159547 0.221124 0.00537451 0.000965008 0.228723 -0.0233912 -0.0225414 0.217798 -0.0615897 -0.0184028 0.208416 
64.998 0.0743613 -0.0318713 0.144414 0.0400014 -0.0132871 0.222167 0.00527262 0.00188892 0.228729 -0.0248489 -0.0128723 0.221719 -0.0634141 -0.0108416 0.210125 
65.214 0.0748003 -0.0312541 0.144294 0.0397941 -0.00826972 0.223028 0.00523869 0.00612681 0.228637 -0.0253138 0.00157756 0.22364 -0.0634538 -0.00995613 0.20976 
65.43 0.0754174 -0.0296524 0.144504 0.0378442 -0.00676462 0.223233 0.00516508 0.00757277 0.228574 -0.025326 0.00391246 0.223647 -0.0633317 -0.0119777 0.208884 
65.646 0.0734851 -0.0303074 0.145343 0.0367243 -0.0105679 0.223147 0.00515172 0.00264248 0.228684 -0.0253116 0.00125441 0.223762 -0.0634392 -0.0158817 0.208253 
65.864 0.0714912 -0.0359935 0.144595 0.0366277 -0.019562 0.22254 0.00544246 -0.011466 0.228313 -0.025426 -0.00573421 0.223812 -0.063705 -0.0234298 0.207687 
66.08 0.0719999 -0.0368291 0.144083 0.0361134 -0.0337621 0.217832 0.00645776 -0.0198401 0.227374 -0.0245648 -0.012196 0.223625 -0.0613957 -0.0270328 0.208129 
66.298 0.0720718 -0.0365998 0.144075 0.0352211 -0.0397433 0.214868 0.0074655 -0.0289035 0.224934 -0.0221509 -0.0213511 0.22262 -0.0572149 -0.032197 0.207487 
66.516 0.0718301 -0.0325213 0.14521 0.0352384 -0.0458786 0.209442 0.00977522 -0.0479297 0.210568 -0.0162485 -0.0423437 0.21189 -0.0430594 -0.0463384 0.199016 
66.734 0.0676208 -0.0397878 0.144388 0.0376477 -0.054302 0.190373 0.0132992 -0.0582468 0.189731 -0.0110736 -0.0581862 0.188067 -0.0335288 -0.0581118 0.180692 
66.95 0.0636196 -0.0346269 0.146623 0.0373339 -0.0426319 0.174109 0.0136223 -0.0466922 0.172526 -0.00954306 -0.0484572 0.166765 -0.024468 -0.0515946 0.163996 
67.166 0.0629037 -0.0290988 0.14816 0.0371382 -0.0354818 0.174977 0.0136735 -0.0386751 0.174629 -0.00944641 -0.0424717 0.16639 -0.0243204 -0.0460071 0.163726 
67.384 0.0576279 -0.0282812 0.149819 0.0357919 -0.0255675 0.170237 0.0129355 -0.0265683 0.171854 -0.0098893 -0.0305759 0.164297 -0.0274692 -0.0330663 0.161871 
67.6 0.0472935 -0.012536 0.153751 0.0338946 0.000935491 0.16302 0.0115137 0.00326566 0.167081 -0.0107408 -0.00142352 0.161272 -0.0320368 -0.00278154 0.158534 
67.816 0.0488232 -0.00389948 0.153925 0.0338412 0.00980419 0.1625 0.0115088 0.0125541 0.166508 -0.0107056 0.00876713 0.162307 -0.0321978 0.00675406 0.158964 
68.034 0.0447228 -0.00516077 0.154489 0.0335464 0.00799538 0.16073 0.0115194 0.0126642 0.166545 -0.0107047 0.0100942 0.163481 -0.0322978 0.00792852 0.159733 
68.25 0.03854 -0.00640869 0.155091 0.0331453 0.00484693 0.157437 0.0114647 0.0125468 0.166431 -0.0108686 0.0107168 0.164032 -0.0324095 0.00791019 0.159622 
68.466 0.0371704 -0.00686141 0.155186 0.0330936 0.00450641 0.15705 0.0113519 0.0123408 0.166238 -0.0110035 0.0109688 0.16425 -0.0325667 0.00776548 0.159393 
68.682 0.0393516 -0.00551057 0.155198 0.0330673 0.0044535 0.156986 0.011304 0.0123508 0.166242 -0.0111265 0.0110596 0.164326 -0.0326965 0.00698208 0.158671 
68.898 0.0430651 -0.00364807 0.155064 0.033089 0.00546723 0.158137 0.0113451 0.0138995 0.168535 -0.0112521 0.0112573 0.165444 -0.0328558 0.00647627 0.159235 
69.118 0.0754482 0.0046141 0.147481 0.0336891 0.00869196 0.177853 0.0100133 0.0267716 0.204141 -0.0154769 0.0229378 0.200111 -0.0447815 0.0167508 0.192121 
69.336 0.0768863 -0.0044204 0.147216 0.034313 -0.00239755 0.204632 0.00622812 0.0264868 0.224267 -0.0234674 0.0199083 0.219143 -0.0593494 0.00792842 0.206337 
69.552 0.0743187 -0.0179153 0.147221 0.0345455 -0.0126606 0.214276 0.00472187 0.0167288 0.227729 -0.0269354 0.00266507 0.221257 -0.0591621 -0.0161926 0.204435 
69.768 0.06994 -0.0264419 0.147269 0.0361157 -0.023516 0.208494 0.00507335 0.00694152 0.227945 -0.0246123 -0.0198478 0.212516 -0.0533099 -0.0328014 0.194268 
69.984 0.0638544 -0.0315423 0.147985 0.0376019 -0.0294413 0.204411 0.00657045 -0.00725239 0.225625 -0.0221682 -0.0261494 0.209107 -0.0491334 -0.0383563 0.19103 
70.2 0.0585904 -0.0400902 0.146546 0.0394493 -0.0355537 0.19713 0.00924955 -0.0260873 0.215356 -0.0157158 -0.0289575 0.209409 -0.0422781 -0.0423218 0.19443 
70.416 0.0532483 -0.0438998 0.145229 0.0398468 -0.0353119 0.179222 0.0131933 -0.034321 0.18601 -0.00284608 -0.0245815 0.207951 -0.0267116 -0.0334489 0.202875 
70.632 0.0496769 -0.0410516 0.145266 0.0371319 -0.0275958 0.170571 0.0122139 -0.0300841 0.1718 -0.00664828 -0.0279853 0.183468 -0.0219569 -0.0390572 0.176719 
70.848 0.0469684 -0.0343156 0.146486 0.0343432 -0.017629 0.162681 0.0110547 -0.0218491 0.158055 -0.0101968 -0.0189915 0.160899 -0.0252277 -0.027443 0.154021 
71.064 0.047123 -0.0290431 0.148777 0.0342625 -0.0149146 0.162798 0.0111411 -0.0184368 0.159373 -0.010221 -0.0161856 0.16133 -0.0271725 -0.0232885 0.155061 
71.28 0.0449915 -0.0291127 0.149337 0.033808 -0.01667 0.15996 0.0114292 -0.0163586 0.162331 -0.0103371 -0.0160806 0.161389 -0.0274904 -0.0230648 0.154864 
71.408 0.0441892 -0.029284 0.149436 0.0336681 -0.0172232 0.158999 0.0115125 -0.0156716 0.163234 -0.0104126 -0.0160392 0.161388 -0.0273685 -0.0231099 0.15485 
