29.628 0.113317 -0.0187611 0.332138 0.0356943 -0.0103468 0.437599 0.0137437 -0.0103551 0.441862 -0.00830254 -0.0103468 0.438125 -0.0304025 -0.0103323 0.429888 
29.826 0.113317 -0.0187611 0.332138 0.0356943 -0.0103468 0.437599 0.0137437 -0.0103551 0.441862 -0.00830254 -0.0103468 0.438125 -0.0304025 -0.0103323 0.429888 
29.896 0.113317 -0.0187611 0.332138 0.0356943 -0.0103468 0.437599 0.0137437 -0.0103551 0.441862 -0.00830254 -0.0103468 0.438125 -0.0304025 -0.0103323 0.429888 
29.948 0.113317 -0.0187611 0.332138 0.0356943 -0.0103468 0.437599 0.0137437 -0.0103551 0.441862 -0.00830254 -0.0103468 0.438125 -0.0304025 -0.0103323 0.429888 
30.158 0.113317 -0.0187611 0.332138 0.0356943 -0.0103468 0.437599 0.0137437 -0.0103551 0.441862 -0.00830254 -0.0103468 0.438125 -0.0304025 -0.0103323 0.429888 
30.366 0.113317 -0.0187611 0.332138 0.0356943 -0.0103468 0.437599 0.0137437 -0.0103551 0.441862 -0.00830253 -0.0103468 0.438125 -0.0304025 -0.0103323 0.429888 
30.578 0.113317 -0.0187611 0.332138 0.0356943 -0.0103468 0.437599 0.0137437 -0.0103551 0.441862 -0.00830253 -0.0103468 0.438125 -0.0304025 -0.0103323 0.429888 
30.78 0.113317 -0.0187611 0.332138 0.0356943 -0.0103468 0.437599 0.0137437 -0.0103551 0.441862 -0.00830253 -0.0103468 0.438125 -0.0304025 -0.0103323 0.429888 
30.978 0.113317 -0.0187611 0.332138 0.0356943 -0.0103468 0.437599 0.0137437 -0.0103551 0.441862 -0.00830253 -0.0103468 0.438125 -0.0304025 -0.0103323 0.429888 
31.194 0.113317 -0.0187611 0.332138 0.0356943 -0.0103468 0.437599 0.0137437 -0.0103551 0.441862 -0.00830253 -0.0103468 0.438125 -0.0304025 -0.0103323 0.429888 
31.412 0.0832403 -0.0469781 0.353135 0.0354461 -0.0213309 0.425115 0.0134364 -0.0206753 0.429151 -0.00879306 -0.0210026 0.425772 -0.0306637 -0.0226111 0.4179 
31.626 0.0445757 -0.0244526 0.366267 0.0349503 -0.00397759 0.396955 0.0128055 -0.00287778 0.399645 -0.00989992 -0.0029556 0.398135 -0.0311479 -0.00453045 0.393401 
31.846 0.0505212 -0.0124705 0.366746 0.0348779 0.00788452 0.394996 0.0127146 0.00843289 0.397079 -0.00995072 0.00769131 0.395365 -0.0314836 0.00822109 0.392189 
32.058 0.0538571 -0.00707078 0.36708 0.0356565 0.00851945 0.400264 0.0128421 0.00970906 0.403045 -0.0100897 0.00605101 0.399452 -0.0324516 0.00910987 0.396809 
32.274 0.058504 -0.0274997 0.364991 0.0395681 -0.0249248 0.418655 0.0131836 -0.0173667 0.430497 -0.0105804 -0.0311844 0.41622 -0.0336645 -0.0315644 0.411675 
32.494 0.0672972 -0.0388408 0.360537 0.0397026 -0.0427061 0.417254 0.0131592 -0.0401657 0.427184 -0.0107917 -0.0470712 0.416247 -0.0372077 -0.0504086 0.407897 
32.71 0.072225 -0.0378608 0.359103 0.039711 -0.0424604 0.418569 0.0130678 -0.039912 0.428945 -0.0124969 -0.0449092 0.419785 -0.0424185 -0.049397 0.408946 
32.932 0.0736243 -0.0389285 0.358238 0.0408404 -0.0326684 0.428667 0.00925993 -0.0227294 0.43859 -0.0178208 -0.0422704 0.422946 -0.0527589 -0.0445597 0.41327 
33.142 0.0747585 -0.0404381 0.357333 0.0421083 -0.0254477 0.432092 0.00747472 -0.00791211 0.441143 -0.0205446 -0.0297775 0.430484 -0.0572042 -0.0356736 0.417331 
33.362 0.075696 -0.0403789 0.35687 0.0418926 -0.0149847 0.43469 0.00731161 0.000188223 0.441092 -0.0218753 -0.00630945 0.436326 -0.0604326 -0.0204231 0.421912 
33.584 0.075745 -0.037421 0.357741 0.0415228 -0.0135029 0.43508 0.0071897 0.000362033 0.441079 -0.0222832 -0.00455643 0.436414 -0.0606535 -0.0209976 0.42151 
33.8 0.075047 -0.0389933 0.357779 0.0405853 -0.0145588 0.435768 0.00701903 -0.00246408 0.441325 -0.02282 -0.00487742 0.436711 -0.0611987 -0.0232842 0.421274 
34.014 0.0730484 -0.0439967 0.357384 0.0389754 -0.0167921 0.436379 0.00700204 -0.00590238 0.441585 -0.0231634 -0.0083012 0.436902 -0.0619029 -0.025106 0.421593 
34.232 0.0723836 -0.0431972 0.358006 0.0383784 -0.0278737 0.434625 0.00722274 -0.023221 0.439935 -0.022864 -0.0199986 0.436321 -0.0590296 -0.0323759 0.420974 
34.45 0.0721069 -0.0452507 0.357427 0.0375159 -0.0459442 0.429606 0.00812243 -0.046879 0.433148 -0.0182489 -0.0397064 0.433374 -0.0514542 -0.0469457 0.418479 
34.668 0.0721059 -0.0460054 0.357116 0.0371671 -0.0499798 0.427435 0.00868947 -0.0544623 0.427726 -0.0176439 -0.0498766 0.428109 -0.0476361 -0.0523886 0.41563 
34.884 0.0708514 -0.0474691 0.357067 0.0392947 -0.0643353 0.412564 0.0142586 -0.0694869 0.4095 -0.0117055 -0.0699511 0.409863 -0.0366471 -0.0658399 0.405586 
35.092 0.0691352 -0.0460847 0.357942 0.0427135 -0.0685092 0.393254 0.0176314 -0.0717939 0.395837 -0.00764031 -0.0768994 0.387118 -0.0249815 -0.0737184 0.392565 
35.314 0.0666239 -0.0472622 0.358175 0.0403952 -0.0606682 0.387215 0.016009 -0.0638015 0.389085 -0.00794558 -0.0660493 0.377882 -0.0225858 -0.06898 0.37753 
35.532 0.0640683 -0.0430029 0.359972 0.0384781 -0.0479202 0.38427 0.015091 -0.0499776 0.388191 -0.00851747 -0.0533536 0.373709 -0.0230649 -0.0571837 0.372109 
35.746 0.0573852 -0.0311795 0.363659 0.0354511 -0.0236654 0.37617 0.0137211 -0.0224222 0.384964 -0.00986537 -0.0288741 0.369051 -0.0242892 -0.0390188 0.356733 
35.96 0.0534747 -0.0173428 0.365989 0.0350275 -0.00644019 0.374791 0.0134422 -0.00372335 0.384017 -0.00989267 -0.0110344 0.370407 -0.0247293 -0.0217123 0.360377 
36.18 0.0505553 -0.0132113 0.36666 0.0348962 -0.000819037 0.374108 0.0131415 0.00229198 0.383316 -0.00996488 -0.0054433 0.370128 -0.0293918 -0.0060886 0.368571 
36.394 0.0453752 -0.014217 0.367663 0.0344024 -0.00303403 0.371747 0.0130447 0.00211619 0.383074 -0.00982854 -0.00369866 0.371858 -0.0303997 -0.00520669 0.368537 
36.604 0.041769 -0.0156529 0.367894 0.0340078 -0.00516222 0.36931 0.0129088 0.00193232 0.38283 -0.0097735 -0.00247499 0.37296 -0.031191 -0.00523431 0.367855 
36.828 0.0397658 -0.0179571 0.367641 0.0337668 -0.00680913 0.367339 0.0125857 0.000829541 0.381804 -0.00995487 -0.00229211 0.373028 -0.031403 -0.00642202 0.366535 
37.044 0.0397084 -0.0178929 0.367619 0.0337382 -0.00684461 0.367253 0.012433 0.000632963 0.381557 -0.0100556 -0.00216583 0.373033 -0.0315942 -0.00641379 0.366362 
37.242 0.0471254 -0.013824 0.367403 0.0340821 -0.00477092 0.372282 0.0123969 0.00190356 0.384683 -0.0101703 -0.000374033 0.379952 -0.0318699 -0.00483458 0.3733 
37.462 0.0700865 -0.00893551 0.361919 0.0362605 -0.00114803 0.399591 0.0107703 0.0157105 0.41984 -0.014307 0.00974862 0.413694 -0.043938 -0.00155062 0.404056 
37.676 0.072012 -0.0184873 0.361536 0.0371316 -0.0152438 0.410111 0.00908735 0.0111326 0.433391 -0.0182614 0.000227173 0.425776 -0.0521201 -0.0151687 0.413567 
37.894 0.0724381 -0.0293546 0.360692 0.0377104 -0.0288647 0.416978 0.00871562 -0.00110657 0.438783 -0.0209082 -0.0199104 0.427198 -0.0515126 -0.0328078 0.412151 
38.112 0.0702694 -0.0360925 0.360138 0.0376919 -0.0369762 0.415342 0.00872286 -0.00880067 0.439264 -0.020338 -0.0332839 0.422053 -0.049747 -0.0445043 0.405908 
38.328 0.0668246 -0.0405735 0.36015 0.0377271 -0.0410386 0.410755 0.00894738 -0.0137489 0.438193 -0.0189628 -0.0387535 0.417351 -0.0481773 -0.0475256 0.403461 
38.544 0.0506987 -0.0522275 0.359751 0.0376787 -0.049642 0.388972 0.0124763 -0.0373502 0.419861 -0.00958651 -0.0534786 0.39875 -0.040713 -0.0453565 0.411764 
38.764 0.0503546 -0.0523396 0.359232 0.0368771 -0.0489105 0.38253 0.0133681 -0.0500469 0.399556 -0.00930388 -0.0513473 0.397407 -0.0350581 -0.0495004 0.40461 
38.976 0.0504733 -0.0487087 0.359798 0.0360295 -0.0428485 0.377412 0.0128636 -0.0526973 0.380498 -0.00946947 -0.0437126 0.396854 -0.034241 -0.0443363 0.395289 
39.188 0.0492676 -0.0454213 0.360994 0.0346923 -0.0395103 0.368794 0.0126631 -0.0418106 0.380868 -0.0100692 -0.0398447 0.374965 -0.0307066 -0.0423849 0.374565 
39.408 0.0478117 -0.0395356 0.362647 0.0336206 -0.0328461 0.364563 0.0124387 -0.0322373 0.380228 -0.0102999 -0.0309543 0.36505 -0.0276705 -0.0358552 0.364705 
39.624 0.0463115 -0.0388175 0.362808 0.0331786 -0.0302694 0.360746 0.0124355 -0.0302097 0.380521 -0.010282 -0.029223 0.365419 -0.0259074 -0.0354105 0.364515 
39.846 0.0456895 -0.033307 0.364305 0.0331841 -0.0225549 0.361449 0.0123735 -0.0211581 0.38163 -0.01028 -0.0214033 0.366356 -0.0255664 -0.0278749 0.365811 
40.058 0.0450172 -0.021171 0.366291 0.0333874 -0.00790869 0.363195 0.0120689 -0.00483084 0.38207 -0.0103802 -0.0082906 0.36533 -0.0253788 -0.0137238 0.367084 
40.26 0.0451642 -0.0174179 0.366446 0.0334585 -0.00472472 0.363041 0.012022 -0.00110776 0.381866 -0.0103838 -0.00508705 0.365261 -0.0257056 -0.0101702 0.367252 
40.48 0.0446092 -0.0172867 0.366482 0.0334886 -0.00479692 0.362895 0.0119163 -0.00108375 0.381836 -0.0103674 -0.00488798 0.365526 -0.0278428 -0.00826316 0.367632 
40.692 0.0426657 -0.0172369 0.366704 0.0335612 -0.00472074 0.36294 0.0116381 0.001583 0.384139 -0.0103191 -0.00357565 0.367083 -0.0314982 -0.00538313 0.367512 
40.904 0.0434641 -0.0160284 0.366949 0.0335683 -0.00459162 0.363071 0.011571 0.00185164 0.384316 -0.0103308 -0.00322827 0.367476 -0.0318356 -0.00534786 0.367271 
41.104 0.0450904 -0.0140256 0.367129 0.033583 -0.00424168 0.363504 0.0115215 0.00202332 0.384422 -0.010346 -0.00246042 0.368355 -0.0320262 -0.0053726 0.36711 
41.31 0.0505052 -0.0169545 0.365746 0.0336617 -0.0105888 0.365832 0.0115127 -0.00664408 0.38552 -0.0103393 -0.00722994 0.372661 -0.0322012 -0.0126218 0.367991 
41.504 0.0589895 -0.0194856 0.364764 0.0341501 -0.0196635 0.378436 0.0114174 -0.0157626 0.395398 -0.0102546 -0.0153013 0.388622 -0.0332671 -0.0208177 0.381592 
41.724 0.0696402 -0.0220277 0.362578 0.0366761 -0.0324058 0.404903 0.0112967 -0.0230226 0.424156 -0.0111611 -0.028851 0.413999 -0.0381397 -0.0372428 0.400754 
41.94 0.0722793 -0.0339735 0.359933 0.0375475 -0.0473359 0.409875 0.0114842 -0.0402232 0.425603 -0.0126172 -0.0437729 0.41843 -0.0409256 -0.0493271 0.406368 
42.156 0.0739141 -0.0375558 0.358593 0.0382019 -0.0460686 0.417403 0.0114325 -0.0349813 0.432463 -0.0146238 -0.0402086 0.424811 -0.0457599 -0.0438382 0.413853 
42.372 0.0727049 -0.0447392 0.356815 0.0391334 -0.0313916 0.428763 0.0103537 -0.0144497 0.439929 -0.0187116 -0.0208162 0.433939 -0.0581432 -0.0271258 0.420497 
42.594 0.0738417 -0.040371 0.357716 0.0396547 -0.0200179 0.43306 0.00901188 -0.00320274 0.440916 -0.0210417 -0.00781753 0.436018 -0.0621124 -0.019148 0.421161 
42.81 0.0753354 -0.0369906 0.35813 0.0397264 -0.0126921 0.435706 0.00823772 -0.000508543 0.441263 -0.0227617 -0.00283591 0.436597 -0.06219 -0.0215984 0.42077 
43.026 0.0758119 -0.0374581 0.357847 0.0388337 -0.0142016 0.435788 0.00784293 -0.00177728 0.441348 -0.0230406 -0.00419513 0.436644 -0.0623508 -0.0230036 0.420647 
43.18 0.076124 -0.037317 0.35777 0.0377492 -0.0146641 0.435865 0.00756449 -0.00164804 0.441378 -0.0231385 -0.0045908 0.436659 -0.0624641 -0.0233081 0.420635 
