2.56832 0.102672 -0.00709627 0.132352 0.0340559 0.00184654 0.224975 0.0101369 0.00260131 0.228976 -0.0118072 0.00231293 0.224978 -0.0339183 0.00284533 0.216471 
2.76881 0.102675 -0.00710321 0.132349 0.0340546 0.0019102 0.224976 0.0101396 0.00260889 0.228976 -0.0118075 0.00230396 0.224978 -0.0339194 0.00289433 0.21647 
2.81906 0.102673 -0.00708225 0.132352 0.034055 0.00189735 0.224975 0.0101408 0.00265038 0.228976 -0.0118046 0.00236319 0.224978 -0.0339207 0.00292953 0.21647 
2.86918 0.10268 -0.00710238 0.132345 0.0340534 0.00185543 0.224975 0.0101372 0.0026168 0.228976 -0.0118089 0.00232287 0.224978 -0.0339238 0.00282778 0.216471 
2.91935 0.102675 -0.00708891 0.132348 0.0340556 0.00189555 0.224976 0.0101368 0.00259826 0.228976 -0.0118095 0.0022935 0.224978 -0.0339249 0.00280299 0.216471 
3.11971 0.102673 -0.00708836 0.132349 0.0340626 0.0018879 0.224976 0.0101357 0.00258162 0.228977 -0.0118082 0.00228529 0.224979 -0.0339228 0.00278245 0.216472 
3.31991 0.102671 -0.00708012 0.132354 0.0340544 0.00186543 0.224975 0.0101361 0.00264001 0.228976 -0.0118123 0.00232836 0.224978 -0.0339245 0.00285458 0.216471 
3.52022 0.102679 -0.00712937 0.132346 0.0340499 0.00194822 0.224975 0.0101324 0.00264748 0.228976 -0.0118138 0.0023405 0.224978 -0.0339148 0.0028596 0.216471 
3.72055 0.0891884 -0.0244052 0.140889 0.038962 -0.0251296 0.218885 0.0120272 -0.0366484 0.214685 -0.00794225 -0.0370231 0.210569 -0.027587 -0.0238956 0.210831 
3.92082 0.0580373 -0.0427979 0.146976 0.0443059 -0.0480981 0.20394 0.0130787 -0.0574662 0.184471 -0.00572357 -0.0569468 0.184822 -0.0224416 -0.0452883 0.19715 
4.12123 0.0597957 -0.0427202 0.146172 0.0420351 -0.0464219 0.207363 0.0150809 -0.0506084 0.204985 -0.00427693 -0.0511709 0.2005 -0.0279471 -0.0468792 0.196325 
4.32151 0.0662319 -0.0376642 0.14562 0.0395392 -0.0416684 0.212378 0.0166387 -0.0357676 0.220152 -0.00685074 -0.0360624 0.21609 -0.0336906 -0.0303036 0.210072 
4.52187 0.0721652 -0.0314683 0.145178 0.0375122 -0.0369045 0.216181 0.0160954 -0.0227413 0.226485 -0.0100731 -0.0208763 0.222967 -0.0393444 -0.0111456 0.215833 
4.72207 0.073423 -0.029195 0.145197 0.0373156 -0.034952 0.217565 0.0156562 -0.018993 0.227526 -0.0105785 -0.0181029 0.223661 -0.0399822 -0.0111149 0.215804 
4.92227 0.0739796 -0.0280603 0.145223 0.0373564 -0.0324191 0.218877 0.0149788 -0.0168605 0.227971 -0.0115793 -0.0163579 0.223966 -0.0400314 -0.01098 0.21582 
5.12253 0.0738918 -0.0295227 0.144937 0.0374486 -0.0279996 0.220895 0.0137791 -0.0148136 0.228343 -0.0132037 -0.0158165 0.224117 -0.0416219 -0.0107544 0.215714 
5.32277 0.0738739 -0.0307414 0.144653 0.0374515 -0.0282107 0.22101 0.013364 -0.0155368 0.228302 -0.0137406 -0.015474 0.224204 -0.0427191 -0.0112293 0.215572 
5.52294 0.0739549 -0.0309838 0.14456 0.0374399 -0.0291025 0.220672 0.0131809 -0.0164748 0.228207 -0.0137718 -0.0137251 0.224386 -0.0439337 -0.0108317 0.215463 
5.72308 0.0737812 -0.0317851 0.144387 0.0374762 -0.0273641 0.221888 0.0130972 -0.0142187 0.228351 -0.0138419 -0.0120049 0.224411 -0.044811 -0.00900401 0.215312 
5.92324 0.0736733 -0.0328995 0.144097 0.0374741 -0.0289232 0.221844 0.0130826 -0.0156204 0.228171 -0.0138765 -0.0131424 0.224234 -0.0452937 -0.00981975 0.215086 
6.12348 0.0735488 -0.0322803 0.144317 0.0379438 -0.0289545 0.221827 0.0130746 -0.0193427 0.227867 -0.0138907 -0.012141 0.224237 -0.0453009 -0.0085448 0.215059 
6.32363 0.073515 -0.0320783 0.144377 0.0388339 -0.0283539 0.221885 0.0130739 -0.0200734 0.227782 -0.0138775 -0.0118211 0.224223 -0.0438589 -0.00835837 0.215213 
6.52383 0.0737765 -0.0316876 0.144331 0.039713 -0.0277935 0.221888 0.0130691 -0.0201509 0.227784 -0.0138627 -0.0123426 0.224183 -0.0421038 -0.00893518 0.215367 
6.72411 0.074269 -0.0301082 0.144431 0.0398522 -0.028043 0.221838 0.0130611 -0.0195805 0.227846 -0.0136818 -0.0144471 0.224125 -0.0418071 -0.00931346 0.215372 
6.9244 0.0747038 -0.0286903 0.144493 0.039884 -0.0278878 0.221978 0.0130543 -0.0189936 0.227881 -0.0135872 -0.0170615 0.223957 -0.0414486 -0.00996103 0.215359 
7.12479 0.0748344 -0.0296607 0.144149 0.0399205 -0.0278367 0.222125 0.0130556 -0.0190203 0.227779 -0.012391 -0.019732 0.223718 -0.0413643 -0.0122315 0.215212 
7.32527 0.0749715 -0.029815 0.143972 0.03997 -0.0272647 0.222345 0.0130672 -0.0197035 0.227628 -0.0113933 -0.0196398 0.223657 -0.0413076 -0.0133424 0.215067 
7.52565 0.0752903 -0.0298283 0.143652 0.0399976 -0.0266501 0.222529 0.0130546 -0.0226531 0.227209 -0.0109943 -0.0195415 0.223402 -0.0411916 -0.017842 0.214697 
7.72591 0.0752641 -0.0312237 0.143343 0.0400229 -0.0272002 0.22243 0.0130677 -0.0236073 0.227068 -0.0107841 -0.0199544 0.223291 -0.0410538 -0.0187318 0.21459 
7.92642 0.0746766 -0.0325286 0.143573 0.0389624 -0.0276931 0.222408 0.0130773 -0.0193326 0.22764 -0.0138279 -0.0155522 0.223737 -0.0407944 -0.0119835 0.215067 
8.12692 0.0744512 -0.0324213 0.143762 0.0384234 -0.0283568 0.222199 0.0130533 -0.0181774 0.227789 -0.0146172 -0.0145823 0.223843 -0.0407678 -0.0113723 0.215178 
8.32717 0.0742776 -0.0328974 0.143738 0.0377705 -0.0295212 0.221925 0.0127322 -0.0184869 0.227789 -0.0154628 -0.0145282 0.223813 -0.0407678 -0.0118279 0.215189 
8.52745 0.0742678 -0.0330652 0.143709 0.0368286 -0.0288237 0.222158 0.0108128 -0.0185258 0.227803 -0.0174996 -0.0145509 0.223696 -0.0449683 -0.0112551 0.214744 
8.72772 0.074365 -0.0323048 0.14384 0.0363691 -0.0282102 0.222324 0.0100238 -0.0179379 0.227825 -0.018361 -0.0147781 0.22364 -0.0466768 -0.0111943 0.214519 
8.92803 0.0746761 -0.0319525 0.143759 0.0363089 -0.028174 0.222343 0.00999543 -0.0179895 0.227818 -0.0184301 -0.0160114 0.223607 -0.0467829 -0.0116308 0.214504 
9.1283 0.0749157 -0.0309151 0.143882 0.0367005 -0.0267893 0.222652 0.00999021 -0.0172802 0.227881 -0.0184304 -0.0157315 0.223658 -0.0468528 -0.0115941 0.214539 
9.32845 0.0750975 -0.0298304 0.144065 0.0375954 -0.0257147 0.222812 0.0104391 -0.0163456 0.227985 -0.0184715 -0.0141579 0.223762 -0.0474573 -0.0110252 0.214517 
9.52871 0.0746897 -0.0320579 0.143768 0.0376345 -0.0258499 0.222778 0.0105106 -0.0164949 0.227987 -0.0183462 -0.014081 0.223779 -0.0475365 -0.0113245 0.214512 
9.72892 0.0745616 -0.0323781 0.143753 0.037637 -0.0265797 0.222608 0.0105248 -0.0164601 0.227992 -0.0182083 -0.0140259 0.223794 -0.0476035 -0.0114635 0.214508 
9.93063 0.074335 -0.0322383 0.143849 0.0376711 -0.0268267 0.222516 0.0106302 -0.0171807 0.227943 -0.0181859 -0.0140335 0.223764 -0.0476232 -0.0120682 0.214476 
10.1311 0.07298 -0.0356132 0.143094 0.0372009 -0.0233271 0.223034 0.0107461 -0.0181534 0.2274 -0.0179822 -0.0176263 0.223209 -0.0475417 -0.0134671 0.213971 
10.3315 0.0729433 -0.034786 0.143041 0.0361224 -0.0240128 0.222799 0.0108382 -0.0197853 0.226977 -0.0177593 -0.0205595 0.222808 -0.0457836 -0.0161499 0.21389 
10.5318 0.0746841 -0.0320863 0.143192 0.0361576 -0.0241098 0.222781 0.0109194 -0.0200254 0.226957 -0.0162793 -0.0212204 0.222871 -0.043722 -0.0188753 0.214097 
10.7319 0.0747842 -0.0321466 0.14315 0.0372661 -0.0301036 0.222014 0.0119614 -0.021803 0.226932 -0.0157552 -0.0223732 0.222853 -0.042274 -0.0186962 0.214273 
10.9323 0.0746116 -0.0327202 0.143302 0.0382162 -0.0365237 0.220367 0.0127469 -0.0280379 0.226666 -0.0148812 -0.0290735 0.222293 -0.0411672 -0.0209983 0.214524 
11.1327 0.075121 -0.0274824 0.144975 0.0386064 -0.0323618 0.21812 0.0127179 -0.0291689 0.224082 -0.013898 -0.0315289 0.21842 -0.0396929 -0.0275372 0.212151 
11.333 0.0756479 -0.0245573 0.145547 0.0386788 -0.0276444 0.21745 0.0126109 -0.0254805 0.223123 -0.0135742 -0.0276241 0.217343 -0.0387747 -0.0237847 0.211506 
11.5333 0.0756702 -0.0243455 0.145584 0.0385494 -0.0280855 0.217063 0.0126194 -0.0250265 0.223115 -0.0152906 -0.0265816 0.217781 -0.0394112 -0.0237419 0.211329 
11.7337 0.0755794 -0.0242961 0.145641 0.0384435 -0.0282154 0.21702 0.0127048 -0.0204133 0.225131 -0.0155552 -0.0253457 0.218504 -0.0399035 -0.0185009 0.21323 
11.934 0.0752037 -0.0259987 0.145496 0.0384223 -0.0290376 0.216857 0.013465 -0.0184256 0.226012 -0.015791 -0.0240783 0.219231 -0.0400531 -0.0152405 0.214197 
12.1343 0.0736674 -0.0306504 0.14515 0.03844 -0.030912 0.216832 0.0137165 -0.0194841 0.2262 -0.0148997 -0.0230933 0.22046 -0.0402223 -0.0141662 0.214627 
12.3345 0.0728831 -0.033422 0.144754 0.0384853 -0.0320219 0.217133 0.0138705 -0.0209112 0.226198 -0.0130056 -0.0228241 0.221258 -0.0403691 -0.0129725 0.21514 
12.5347 0.0732038 -0.0335316 0.144539 0.0385867 -0.0329654 0.217351 0.0132832 -0.0221761 0.2262 -0.0130579 -0.0225372 0.221817 -0.0415924 -0.0121566 0.215393 
12.735 0.0732543 -0.0336208 0.144482 0.0385979 -0.0332738 0.217327 0.0129985 -0.0225503 0.226166 -0.0135916 -0.0224065 0.221934 -0.0418111 -0.0124683 0.215358 
12.9352 0.0733155 -0.0333307 0.144529 0.0385457 -0.0346241 0.216514 0.0129855 -0.0225954 0.226177 -0.0136332 -0.022043 0.222083 -0.0418726 -0.0147545 0.21495 
13.1354 0.0743312 -0.0324124 0.144284 0.0385643 -0.0337025 0.216716 0.0129582 -0.0237137 0.225634 -0.0142649 -0.0254243 0.220834 -0.0432172 -0.0214302 0.212994 
13.3357 0.0748792 -0.0303833 0.144575 0.0386007 -0.0320319 0.217017 0.0128046 -0.023745 0.225296 -0.0150311 -0.0250986 0.220404 -0.0439323 -0.0229703 0.212047 
13.536 0.0747069 -0.0300222 0.144748 0.0386415 -0.0335104 0.216229 0.0132862 -0.0217415 0.226115 -0.0151361 -0.0230577 0.221351 -0.0434929 -0.0235845 0.211944 
13.7362 0.0746571 -0.0300631 0.144756 0.0389059 -0.033515 0.216416 0.0136275 -0.0220673 0.226097 -0.0151022 -0.0232215 0.221389 -0.0426238 -0.0236725 0.212041 
13.9364 0.0744874 -0.0297381 0.144923 0.0390228 -0.031635 0.217592 0.0136461 -0.0220399 0.226114 -0.0150768 -0.0233361 0.221346 -0.0427073 -0.020158 0.21328 
14.1367 0.0734442 -0.0322268 0.144796 0.0391135 -0.0308041 0.218289 0.0137002 -0.0212788 0.226514 -0.0151237 -0.0221624 0.221859 -0.0429161 -0.0152435 0.214599 
14.337 0.0730869 -0.0337317 0.144541 0.0391499 -0.0314524 0.218271 0.0137257 -0.0214422 0.226592 -0.0151378 -0.0225958 0.221894 -0.0440359 -0.0151472 0.21456 
14.5372 0.0735858 -0.0331432 0.144451 0.0382303 -0.0327018 0.217608 0.0125053 -0.021351 0.226645 -0.0151401 -0.0226486 0.221876 -0.0453015 -0.0158564 0.214236 
14.7374 0.0736191 -0.0331164 0.144442 0.037864 -0.0291381 0.21956 0.0124286 -0.0211961 0.226703 -0.0159802 -0.0202723 0.222611 -0.045543 -0.0143898 0.214532 
14.9379 0.0749259 -0.0325334 0.143963 0.0374667 -0.0254588 0.220924 0.0118746 -0.0156402 0.227922 -0.0182618 -0.0155824 0.223536 -0.0504213 -0.0106533 0.21439 
15.1382 0.0766618 -0.0236026 0.145207 0.0374882 -0.0163995 0.221962 0.0099574 -0.00255265 0.228787 -0.0214426 -0.0031946 0.224119 -0.0577257 -0.00109134 0.213182 
15.3385 0.0766289 -0.0223412 0.145442 0.0376779 -0.0151127 0.222084 0.00971033 -0.0011978 0.228787 -0.0223463 2.09654e-05 0.224173 -0.0584781 0.000121934 0.212974 
15.5388 0.0765107 -0.0220358 0.145556 0.0377092 -0.014538 0.222241 0.00932599 -0.000626831 0.228806 -0.0235815 0.00191766 0.224083 -0.0585203 0.000405845 0.212967 
15.7389 0.0764137 -0.0232649 0.145384 0.0377038 -0.0145567 0.222247 0.00925977 -0.000638102 0.228808 -0.0237449 0.00291645 0.224077 -0.0587345 0.0015659 0.212931 
15.9391 0.0762643 -0.0252521 0.145063 0.0377264 -0.0147352 0.222208 0.00926127 -0.000678663 0.228811 -0.0237891 0.00357492 0.224075 -0.0589753 0.00391978 0.212866 
16.1394 0.0759193 -0.0284158 0.144499 0.037712 -0.0150064 0.22214 0.00922689 -0.00107914 0.228794 -0.0238025 0.00351841 0.224075 -0.0590277 0.00612492 0.212796 
16.3397 0.0758573 -0.028653 0.144467 0.0377042 -0.0150548 0.222135 0.00921447 -0.00119197 0.22879 -0.0237751 0.0034716 0.22408 -0.0590452 0.00642956 0.212779 
16.54 0.0758678 -0.0272446 0.144802 0.0377306 -0.0151796 0.22212 0.00922591 -0.00125018 0.228795 -0.0237802 0.00338377 0.224082 -0.0592344 0.00639726 0.212727 
16.7402 0.075121 -0.0287859 0.144804 0.0380129 -0.0160534 0.222338 0.00920659 -0.00248109 0.228877 -0.0237132 0.00212769 0.224138 -0.0593288 0.0066187 0.21265 
16.9405 0.0745951 -0.0311776 0.144438 0.0381144 -0.0176305 0.222229 0.00919544 -0.00412031 0.228877 -0.0231707 0.00117085 0.22422 -0.0592874 0.0066467 0.212603 
17.1409 0.0748485 -0.0317911 0.144237 0.038137 -0.0167637 0.222512 0.00919615 -0.00407691 0.228881 -0.022916 0.00115987 0.224252 -0.0592739 0.00665385 0.212604 
17.3412 0.0748648 -0.032105 0.144167 0.0381474 -0.0163358 0.222633 0.00919601 -0.00408051 0.228882 -0.0227576 0.00124898 0.224271 -0.0592763 0.00671116 0.212599 
17.5415 0.0748923 -0.031824 0.144234 0.0381648 -0.0157801 0.222737 0.00918771 -0.00395033 0.228887 -0.0227433 0.00128632 0.224272 -0.0592755 0.00674673 0.212597 
17.7418 0.075397 -0.0296453 0.144568 0.0382854 -0.0148201 0.223036 0.00941885 -0.00367413 0.228923 -0.0226514 -0.000207795 0.224289 -0.0592698 0.00592264 0.212626 
17.942 0.0756635 -0.0290104 0.144579 0.0386617 -0.0148642 0.223153 0.010076 -0.00398813 0.228939 -0.0225988 -0.00176184 0.224285 -0.0592554 0.0051357 0.212648 
18.1423 0.0758387 -0.0284983 0.144616 0.03869 -0.0146678 0.223216 0.0104365 -0.00396671 0.228944 -0.0226346 -0.00132278 0.224286 -0.0592589 0.00500787 0.212652 
18.3427 0.0762058 -0.0279295 0.144565 0.0386894 -0.0149589 0.223185 0.0104914 -0.00385121 0.228948 -0.0226318 -0.00175052 0.224284 -0.0592852 0.00394838 0.212705 
18.543 0.076507 -0.027064 0.144621 0.0386917 -0.0151809 0.223103 0.0105129 -0.00342288 0.228954 -0.0226183 -0.00210307 0.224279 -0.0596703 0.00301848 0.212649 
18.7432 0.0766653 -0.0259839 0.144803 0.038661 -0.01553 0.222789 0.0105557 -0.00314087 0.228921 -0.0225654 -0.000745937 0.224287 -0.0598278 0.00189607 0.21266 
18.9433 0.0767195 -0.026518 0.144668 0.0385828 -0.0161244 0.222469 0.010548 -0.00275337 0.228906 -0.022547 -0.000194254 0.224284 -0.0602577 0.00157482 0.21254 
19.1439 0.075819 -0.029759 0.144373 0.0374478 -0.0175605 0.222052 0.00790394 -0.00313371 0.228838 -0.0227274 -0.000192497 0.224261 -0.0619451 0.00592103 0.211885 
19.3442 0.0755704 -0.0303971 0.144325 0.0369351 -0.0178339 0.221968 0.00750572 -0.00324594 0.228817 -0.0233508 1.17259e-05 0.224184 -0.0622649 0.00674974 0.211734 
19.5445 0.0755766 -0.0306563 0.14425 0.0366424 -0.0186359 0.22183 0.00743896 -0.00338915 0.228824 -0.023388 4.62143e-06 0.224186 -0.0622877 0.00663936 0.211721 
19.7448 0.0756392 -0.0296262 0.144487 0.0362239 -0.018742 0.221805 0.00742435 -0.00326354 0.22883 -0.0233906 1.10655e-05 0.224185 -0.0621584 0.0067072 0.211759 
19.9507 0.075941 -0.0293114 0.144403 0.0360443 -0.0178936 0.222093 0.00742212 -0.00309499 0.228835 -0.0233923 -2.93668e-05 0.224184 -0.0610661 0.00479116 0.212208 
20.1509 0.0762315 -0.028525 0.144444 0.0360576 -0.0146701 0.22295 0.0077328 -0.00238725 0.228857 -0.023359 -0.00059241 0.224169 -0.0605555 0.00403282 0.212402 
20.3512 0.0762389 -0.0283811 0.144472 0.0360524 -0.0146019 0.222944 0.00797571 -0.00226007 0.228866 -0.0233026 -0.000750464 0.224171 -0.0604806 0.00400652 0.212426 
20.5515 0.0762466 -0.0283826 0.14447 0.0360627 -0.0149794 0.22284 0.008033 -0.00235954 0.228864 -0.0232821 -0.000870672 0.224171 -0.0604663 0.00397 0.212431 
20.7517 0.0762539 -0.028122 0.144534 0.0361577 -0.0155457 0.222575 0.00805143 -0.00256749 0.228843 -0.0232596 -0.000480779 0.224174 -0.0604614 0.00430999 0.212425 
20.9519 0.0759341 -0.0284149 0.144642 0.0364833 -0.0161463 0.222248 0.00806933 -0.00240346 0.228834 -0.0232579 1.00129e-05 0.224175 -0.0604513 0.00463757 0.212421 
21.1521 0.0752342 -0.030832 0.144381 0.0368558 -0.0172655 0.221871 0.00828291 -0.00363474 0.228772 -0.0232463 0.000875044 0.224191 -0.0604301 0.00566645 0.212384 
21.3524 0.0750838 -0.0318043 0.144187 0.0369336 -0.0176877 0.221795 0.00839552 -0.00399715 0.228765 -0.023244 0.00101039 0.224197 -0.060412 0.00577562 0.21238 
21.5526 0.0753754 -0.031903 0.144002 0.0369829 -0.0159276 0.222407 0.00844466 -0.00286851 0.228838 -0.0232361 0.000975953 0.224198 -0.060409 0.00577649 0.21238 
21.7527 0.0766343 -0.0266332 0.144678 0.0370004 -0.0147879 0.222734 0.00847174 -0.00256093 0.228849 -0.0232269 0.00110232 0.224199 -0.0604135 0.0032778 0.212469 
21.9529 0.0769273 -0.0274327 0.144354 0.0370181 -0.0141497 0.222839 0.00848868 -0.00210976 0.228857 -0.0232334 0.00105222 0.224193 -0.0611465 0.00254777 0.21226 
22.1533 0.0766356 -0.0289149 0.144156 0.0369215 -0.0141694 0.222742 0.00849616 -0.00178272 0.228856 -0.0232353 0.000969959 0.224184 -0.061696 0.00281243 0.212086 
22.3553 0.075723 -0.0288483 0.144654 0.0368514 -0.014491 0.222662 0.00850412 -0.00184291 0.228855 -0.0232149 0.0015068 0.224193 -0.0612848 0.00518914 0.21215 
22.5556 0.0753591 -0.0301663 0.144499 0.0371787 -0.0164909 0.222492 0.00888013 -0.0028603 0.228889 -0.0224756 0.0010126 0.224305 -0.0597673 0.00487054 0.212592 
22.7559 0.0752343 -0.0314898 0.144193 0.0373159 -0.0160897 0.222933 0.00907105 -0.00290313 0.228944 -0.0222929 -0.000962964 0.22433 -0.059443 0.00351963 0.212699 
22.9561 0.0748118 -0.0324256 0.144128 0.0373972 -0.0178439 0.223029 0.00928299 -0.00401481 0.228941 -0.0218849 -0.00288573 0.224348 -0.0586867 0.0019762 0.212879 
23.1565 0.0743563 -0.0337059 0.143962 0.0374721 -0.0194484 0.223072 0.00950303 -0.00540145 0.228872 -0.0213389 -0.00436046 0.224331 -0.0578763 0.000618409 0.213016 
23.3568 0.0727245 -0.0386135 0.143073 0.0376291 -0.0253519 0.222724 0.0106765 -0.0123573 0.228178 -0.0206147 -0.00992556 0.223699 -0.0543424 -0.00476443 0.213227 
23.557 0.068754 -0.0470237 0.141556 0.0374235 -0.0380987 0.219719 0.0118233 -0.0196923 0.227229 -0.0177932 -0.0164722 0.22306 -0.0496849 -0.0110055 0.213405 
23.7572 0.0576008 -0.0564903 0.141073 0.0349922 -0.0513844 0.21295 0.0134888 -0.024597 0.226808 -0.01163 -0.0186811 0.223116 -0.043074 -0.012608 0.214193 
23.9575 0.0526195 -0.0587059 0.141169 0.0342742 -0.0603212 0.20547 0.0160311 -0.0266415 0.226444 -0.00939886 -0.0199973 0.222952 -0.0390205 -0.0140074 0.214426 
24.1579 0.0465507 -0.0587107 0.142058 0.0366868 -0.0689744 0.193436 0.0201305 -0.0288332 0.225825 -0.00675978 -0.022033 0.222705 -0.033468 -0.0158286 0.21452 
24.3583 0.0455638 -0.058646 0.142139 0.036771 -0.0710094 0.188978 0.0223896 -0.0299122 0.225414 -0.00410933 -0.0226071 0.222506 -0.0311155 -0.0161657 0.214478 
24.5586 0.0450508 -0.0577814 0.142614 0.0368889 -0.0731731 0.183492 0.0238139 -0.0322734 0.224859 -0.00241363 -0.0229534 0.222339 -0.0295042 -0.0163579 0.214416 
24.759 0.0442552 -0.0559795 0.143533 0.0374046 -0.0757113 0.175804 0.0246072 -0.0351049 0.224216 -0.00132068 -0.0234046 0.22223 -0.0284056 -0.0161657 0.214388 
24.961 0.0438305 -0.054759 0.144167 0.0374753 -0.0758265 0.170902 0.025371 -0.0356359 0.22396 -0.000527708 -0.023767 0.222147 -0.027647 -0.015927 0.214375 
25.1613 0.0432985 -0.0540415 0.144569 0.0376415 -0.0760132 0.168354 0.0259409 -0.0364358 0.223652 7.85341e-05 -0.0239782 0.222072 -0.0269262 -0.0158038 0.214344 
25.3616 0.0402872 -0.0515614 0.146037 0.0374431 -0.0743773 0.166815 0.0268734 -0.0356322 0.223483 0.000447064 -0.0213317 0.222509 -0.0255281 -0.0116516 0.214566 
25.5618 0.0392015 -0.0503372 0.146673 0.0375309 -0.07332 0.166616 0.0272041 -0.0344997 0.223596 0.000609482 -0.0200941 0.222702 -0.0249491 -0.00973524 0.21463 
25.762 0.0390977 -0.0502904 0.1467 0.0376402 -0.0732886 0.166414 0.0274521 -0.0344455 0.223562 0.000503673 -0.0190803 0.222783 -0.0248582 -0.00971584 0.21463 
25.9622 0.0392255 -0.0495231 0.147106 0.0374844 -0.0734757 0.165037 0.0275103 -0.0337164 0.223688 0.000238333 -0.0170239 0.222993 -0.0248814 -0.00838638 0.2147 
26.1625 0.0400752 -0.0496216 0.147306 0.0374166 -0.0728392 0.164845 0.0275192 -0.0325774 0.22392 0.000163132 -0.0153691 0.223148 -0.0262306 -0.0072804 0.214885 
26.3628 0.0401588 -0.0494607 0.147394 0.0374525 -0.072517 0.16513 0.0265122 -0.0308494 0.22459 7.04645e-05 -0.0146131 0.223185 -0.0281164 -0.00689547 0.214994 
26.5633 0.0401273 -0.0494299 0.14742 0.0374898 -0.0723986 0.165356 0.0262236 -0.0307457 0.224679 -3.63587e-05 -0.0145674 0.223192 -0.0284489 -0.00691922 0.215003 
26.7636 0.0401341 -0.0493894 0.147441 0.0374916 -0.0723469 0.165391 0.0262152 -0.0306255 0.224708 -5.74852e-05 -0.0145174 0.2232 -0.0285077 -0.00690752 0.215011 
26.9638 0.0414098 -0.0484515 0.147726 0.0375034 -0.0723561 0.165419 0.0262423 -0.0286222 0.225219 -6.98339e-05 -0.014496 0.223198 -0.0295561 -0.00673989 0.21504 
27.1641 0.0421213 -0.0479363 0.147874 0.0375292 -0.0721609 0.16568 0.0262298 -0.0284388 0.225266 -8.36407e-05 -0.0144278 0.2232 -0.0300213 -0.00668175 0.215051 
27.3643 0.0423669 -0.0485623 0.147589 0.0374627 -0.0727086 0.164911 0.026161 -0.0304108 0.224796 -8.53882e-05 -0.0144209 0.223194 -0.0300578 -0.00674839 0.215048 
27.5646 0.0422204 -0.0483872 0.147579 0.0374248 -0.0728955 0.164553 0.0261348 -0.0307088 0.224707 -8.80863e-05 -0.0142362 0.223203 -0.0299832 -0.00652731 0.215041 
27.7648 0.0422303 -0.0483073 0.147604 0.0373477 -0.0730822 0.16393 0.0261086 -0.0309302 0.224622 -8.91645e-05 -0.0139807 0.223234 -0.0298367 -0.00603943 0.21504 
27.965 0.0423092 -0.049114 0.147255 0.0371813 -0.0733517 0.162942 0.0261282 -0.0313697 0.224452 -9.59588e-05 -0.0157647 0.223251 -0.0292051 -0.00503873 0.215009 
28.1653 0.0418872 -0.0494558 0.147144 0.0370335 -0.0732072 0.16282 0.0262293 -0.0309619 0.224502 -0.00015105 -0.015416 0.223297 -0.0289216 -0.00453337 0.21501 
28.3657 0.0418784 -0.0494273 0.14716 0.0370237 -0.0730619 0.162852 0.0263037 -0.0291527 0.224983 -0.000166026 -0.0152325 0.223314 -0.0288787 -0.00435552 0.215012 
28.5659 0.0418674 -0.0493984 0.147172 0.0370351 -0.0728888 0.163092 0.0266184 -0.0285237 0.225086 -0.000209101 -0.015079 0.223327 -0.0288639 -0.00432955 0.215014 
28.7662 0.0427211 -0.0487048 0.147375 0.0368735 -0.0728872 0.163201 0.027045 -0.028093 0.225127 -0.000256765 -0.0142376 0.223356 -0.0288515 -0.00438292 0.215014 
28.9664 0.0432863 -0.0480824 0.147568 0.036889 -0.0726462 0.163569 0.0270696 -0.0282768 0.225087 -0.000273548 -0.013938 0.223359 -0.028858 -0.0045296 0.215021 
29.1668 0.0433708 -0.0468026 0.14807 0.0369282 -0.0724006 0.163987 0.0270457 -0.0293802 0.224813 -0.000290126 -0.0133651 0.223364 -0.0291227 -0.00486428 0.215058 
29.3672 0.0406305 -0.0472053 0.148173 0.03697 -0.0720934 0.16449 0.0270216 -0.0308337 0.224527 -0.00029437 -0.0128004 0.223367 -0.0291859 -0.00477481 0.215058 
29.5675 0.0393762 -0.047933 0.147985 0.0369755 -0.0719837 0.164592 0.0267799 -0.031182 0.224473 -0.000252314 -0.0127134 0.223371 -0.0291899 -0.00465855 0.215061 
29.7678 0.0381166 -0.0486462 0.147771 0.0367511 -0.0718078 0.164955 0.0260697 -0.0312884 0.224525 -0.000242338 -0.0124584 0.22339 -0.0291966 -0.00438821 0.215068 
29.968 0.0381095 -0.0486811 0.147761 0.0367249 -0.071818 0.164995 0.0260334 -0.0313763 0.224506 -0.000247023 -0.012478 0.22339 -0.0292179 -0.00442386 0.215072 
30.1682 0.0393146 -0.0484063 0.147812 0.0367128 -0.0717167 0.165048 0.0259663 -0.0312379 0.224541 -0.00130759 -0.0126116 0.223517 -0.0296922 -0.00449532 0.215112 
30.3685 0.0400007 -0.0484828 0.147673 0.036712 -0.0717085 0.165063 0.0254834 -0.0326232 0.224174 -0.00144523 -0.0131673 0.223533 -0.0302119 -0.00448552 0.215129 
30.5688 0.040499 -0.0483008 0.147674 0.0367072 -0.0716666 0.165018 0.0253436 -0.0329182 0.224089 -0.00148458 -0.0132521 0.22354 -0.0304732 -0.00432618 0.215126 
30.769 0.0405783 -0.0471854 0.148119 0.0367167 -0.0716466 0.165017 0.0253475 -0.0329615 0.224069 -0.00157018 -0.0124013 0.223548 -0.0305443 -0.0043982 0.215137 
30.9692 0.0423496 -0.0458541 0.148506 0.0368399 -0.0717886 0.165912 0.0256543 -0.0330782 0.223987 -0.00133715 -0.0123377 0.223522 -0.0305418 -0.00434265 0.21513 
31.1696 0.043802 -0.0449369 0.148751 0.0373298 -0.071768 0.166322 0.0269545 -0.0330043 0.223775 0.00134336 -0.0123527 0.223219 -0.0281174 -0.00397611 0.215011 
31.3699 0.0444171 -0.0454976 0.148663 0.037723 -0.0716737 0.164938 0.02697 -0.0335374 0.223568 0.00143528 -0.012281 0.223212 -0.0279999 -0.00392967 0.215007 
31.5701 0.0441148 -0.0458466 0.148591 0.0378032 -0.0718227 0.16466 0.0267797 -0.03364 0.223572 0.00142577 -0.0122791 0.22321 -0.0279992 -0.003871 0.214997 
31.7704 0.0432573 -0.0457852 0.148728 0.0378165 -0.0718476 0.164656 0.0259777 -0.0328256 0.224004 0.00112515 -0.012167 0.223244 -0.0279944 -0.00396675 0.215002 
31.9707 0.0431576 -0.0458106 0.148732 0.0378083 -0.0718483 0.164586 0.0259363 -0.0324093 0.224143 0.000244237 -0.0121439 0.223351 -0.0292687 -0.00440862 0.2151 
32.1709 0.043307 -0.0466148 0.148409 0.037802 -0.0718522 0.164591 0.0259737 -0.0305534 0.224636 7.28042e-05 -0.0140599 0.223366 -0.0302345 -0.00432012 0.215124 
32.3712 0.0438887 -0.0472871 0.148074 0.0378023 -0.0717781 0.16464 0.0275306 -0.0290461 0.224777 0.00321655 -0.0166392 0.222827 -0.0268294 -0.00401342 0.214945 
32.5715 0.0444752 -0.0474233 0.147945 0.0378686 -0.0715038 0.16523 0.0277943 -0.0288512 0.224793 0.00373848 -0.0148236 0.222844 -0.0262252 -0.00420549 0.214907 
32.772 0.0438351 -0.0478764 0.147838 0.0379124 -0.0711651 0.165645 0.0262572 -0.0285118 0.225146 0.000937273 -0.0124822 0.223271 -0.0278658 -0.00456507 0.215046 
32.9724 0.0434632 -0.0477307 0.147877 0.0379474 -0.0709505 0.165876 0.0261638 -0.0283459 0.225201 0.000740669 -0.0123925 0.223296 -0.0289878 -0.00442772 0.21509 
33.1728 0.0435949 -0.0485241 0.147501 0.037974 -0.0707782 0.166172 0.0262763 -0.0283274 0.225192 0.000697168 -0.012388 0.223296 -0.0298399 -0.00443494 0.215116 
33.373 0.0436794 -0.0487855 0.147383 0.0379725 -0.0707344 0.166159 0.0267289 -0.029692 0.224749 0.00067863 -0.0122837 0.2233 -0.0299261 -0.00445376 0.215123 
33.5734 0.0442034 -0.0480915 0.147716 0.0378488 -0.0703799 0.165674 0.0268182 -0.0305229 0.224495 0.000660457 -0.011089 0.223395 -0.0299559 -0.00305827 0.215146 
33.7737 0.0403342 -0.0491863 0.147652 0.0359248 -0.069775 0.164167 0.026504 -0.0298757 0.224507 0.000565606 -0.00796633 0.223592 -0.0294847 0.000497899 0.215118 
33.9741 0.0387469 -0.0492748 0.147718 0.0354119 -0.0697588 0.162992 0.0259952 -0.0269988 0.225279 0.000472016 -0.0063609 0.223671 -0.0288043 0.00222532 0.215063 
34.1744 0.0370807 -0.0485533 0.148109 0.0349967 -0.0697549 0.161488 0.0260001 -0.0238163 0.225945 -0.000680316 -0.0041942 0.223832 -0.0287515 0.00383805 0.215041 
34.3746 0.0362804 -0.0469681 0.148789 0.0348672 -0.0687617 0.160828 0.0258923 -0.0224431 0.226077 -0.0012856 -0.00111911 0.223931 -0.0295197 0.00624071 0.215054 
34.5749 0.0357959 -0.0460589 0.149157 0.0348059 -0.0679067 0.160587 0.0249254 -0.022747 0.225965 -0.00240784 0.00103202 0.224032 -0.0318155 0.00845493 0.214992 
34.7752 0.0354936 -0.0457201 0.149195 0.0348087 -0.0678271 0.160651 0.0227843 -0.0241179 0.225867 -0.0041255 0.00146926 0.224148 -0.0351663 0.0089313 0.214916 
34.9772 0.0354601 -0.0457029 0.149188 0.0348083 -0.0678205 0.160602 0.0223318 -0.0242712 0.225879 -0.00460875 0.000714381 0.224244 -0.0360295 0.00897898 0.214889 
35.1777 0.0355107 -0.0452061 0.149382 0.0349369 -0.0667989 0.165031 0.0229289 -0.0241888 0.225675 -0.00464835 0.00140448 0.224323 -0.0349719 0.0107701 0.21481 
35.3781 0.0355065 -0.0451931 0.149385 0.0350888 -0.0667015 0.168692 0.0249054 -0.0232501 0.225645 -0.00433909 0.00149278 0.224316 -0.0343087 0.0109204 0.214832 
35.5784 0.0359874 -0.0454078 0.149293 0.0350388 -0.0669351 0.167375 0.025876 -0.0217262 0.225919 -0.00321119 0.000883684 0.224227 -0.0338913 0.0102997 0.214877 
35.7786 0.0363084 -0.0461787 0.148981 0.0349137 -0.0674861 0.164317 0.0260008 -0.0210622 0.22616 -0.0023587 0.0010731 0.22404 -0.0338237 0.00911596 0.214941 
35.9789 0.0367555 -0.0461008 0.149003 0.0348914 -0.0675605 0.163744 0.0266919 -0.0205405 0.226174 -0.00099197 0.000896745 0.223898 -0.0331224 0.00900909 0.214932 
36.1793 0.0373788 -0.0463709 0.14887 0.0348964 -0.0676036 0.163541 0.0277027 -0.0201703 0.226111 0.000331747 0.000280703 0.223761 -0.0323342 0.00843023 0.214969 
36.3804 0.0374519 -0.0464181 0.148847 0.0348925 -0.0676427 0.163432 0.0277152 -0.0215941 0.225799 0.000420177 0.000250842 0.223744 -0.0322728 0.00831914 0.214975 
36.5807 0.0365801 -0.0469877 0.148644 0.0348947 -0.0675536 0.163427 0.0244809 -0.0248276 0.225429 7.399e-05 -0.000533523 0.223852 -0.0332896 0.00845746 0.214969 
36.7809 0.0289447 -0.0462348 0.148755 0.0347427 -0.0626575 0.162914 0.0133828 -0.0294233 0.223193 -0.0123567 -0.000663083 0.224933 -0.0443274 0.00925789 0.214986 
36.9811 0.027504 -0.0457599 0.148807 0.0347184 -0.0610718 0.163036 0.0119834 -0.027833 0.223271 -0.0142512 0.000349317 0.224923 -0.0460143 0.0102367 0.21485 
37.1814 0.0271949 -0.0455189 0.148802 0.034471 -0.0610497 0.1629 0.0125807 -0.0263698 0.223963 -0.0142867 0.00130044 0.224904 -0.0466517 0.0106771 0.214713 
37.3816 0.0269353 -0.0471743 0.147952 0.0343182 -0.0632891 0.16144 0.0127669 -0.024543 0.225211 -0.0143479 0.000537086 0.224837 -0.04878 0.0107484 0.214149 
37.5818 0.0272961 -0.048153 0.147546 0.0340925 -0.0644165 0.161326 0.0133908 -0.0245692 0.225559 -0.0143846 -0.000492403 0.224784 -0.0497428 0.0101972 0.213884 
37.7819 0.0287695 -0.0479244 0.14768 0.0335069 -0.0657449 0.160694 0.0162142 -0.0246688 0.225737 -0.0102183 -0.00148326 0.224788 -0.0459048 0.00948989 0.214427 
37.9821 0.0309317 -0.0479014 0.147759 0.0332678 -0.0676788 0.159638 0.018528 -0.0241293 0.22614 -0.0078603 -0.0017753 0.224595 -0.0436432 0.00850914 0.214584 
38.1824 0.0334993 -0.0479557 0.147758 0.0332437 -0.0697174 0.159995 0.0210379 -0.0247862 0.226233 -0.00559714 -0.00328104 0.224258 -0.0415241 0.00641979 0.214659 
38.3828 0.0341723 -0.0475582 0.147903 0.0334449 -0.0700405 0.160008 0.0213566 -0.0249936 0.226211 -0.00522748 -0.00353143 0.224195 -0.0412507 0.00592385 0.21468 
38.5832 0.0350272 -0.0466879 0.148232 0.0338366 -0.070067 0.160001 0.0213763 -0.0247654 0.226275 -0.00750018 -0.00323031 0.224282 -0.0412279 0.0058311 0.214689 
38.7834 0.0350877 -0.0466209 0.148251 0.0338843 -0.0701155 0.160061 0.018611 -0.0249588 0.226501 -0.00773215 -0.00317149 0.224282 -0.0414035 0.00569453 0.214686 
38.9837 0.0346547 -0.0471668 0.14803 0.0339791 -0.0702079 0.160025 0.0169127 -0.0266324 0.22618 -0.00799433 -0.00326925 0.224286 -0.0423252 0.00542979 0.21462 
39.184 0.0307329 -0.0481733 0.147574 0.0342624 -0.0697674 0.160305 0.0166044 -0.0305791 0.225059 -0.00911391 -0.0038599 0.224402 -0.0425199 0.00604867 0.214578 
39.3864 0.0297512 -0.0475187 0.14781 0.0343705 -0.0691049 0.160602 0.0181277 -0.0308171 0.224751 -0.00868808 -0.00371125 0.224455 -0.0422356 0.00694823 0.21456 
39.5866 0.0342556 -0.0466544 0.148558 0.0345294 -0.0689341 0.160603 0.0245978 -0.0284929 0.224806 0.000297861 -0.00399812 0.223845 -0.0349939 0.00668545 0.215048 
39.7868 0.0349212 -0.0467766 0.148547 0.0347482 -0.0689175 0.160746 0.0252463 -0.0275805 0.22492 0.00114507 -0.00355769 0.223724 -0.0342594 0.00671167 0.215062 
39.993 0.0349941 -0.0468403 0.148524 0.0349593 -0.0689725 0.160653 0.0252736 -0.0274537 0.224956 0.0011688 -0.00356687 0.223714 -0.0342085 0.0065376 0.215076 
40.1932 0.0312769 -0.0495769 0.147367 0.0349718 -0.0687822 0.160821 0.020116 -0.0281368 0.225324 -0.00590361 -0.00371258 0.224381 -0.0399606 0.00725736 0.21475 
40.3937 0.0294892 -0.0498158 0.14717 0.0346602 -0.0678191 0.16133 0.0176293 -0.0273308 0.225537 -0.00927045 -0.0041701 0.224618 -0.0432107 0.0087648 0.214368 
40.5943 0.0323752 -0.0478692 0.147898 0.0346188 -0.069054 0.160666 0.0182716 -0.0291035 0.225244 -0.00743976 -0.00408612 0.224449 -0.0425108 0.00723771 0.214483 
40.7947 0.0339165 -0.0471357 0.148168 0.0346233 -0.0693945 0.160747 0.0186876 -0.0278049 0.225665 -0.00680933 -0.00426914 0.224377 -0.0417796 0.00650034 0.214581 
40.996 0.0350533 -0.0466815 0.148316 0.0346441 -0.0695474 0.161025 0.0197249 -0.0277271 0.225676 -0.00621649 -0.00463896 0.224319 -0.0408938 0.00577393 0.214699 
41.1965 0.0377656 -0.0463605 0.148301 0.034749 -0.0695043 0.163359 0.0239238 -0.0266354 0.225501 -0.00224264 -0.00490568 0.224048 -0.0370742 0.00547308 0.214981 
41.397 0.0387731 -0.0461826 0.148323 0.0347691 -0.0693535 0.163903 0.0250887 -0.0261818 0.225447 -0.00112377 -0.00483689 0.22394 -0.0359708 0.00532866 0.21505 
41.5974 0.0389816 -0.0464265 0.148267 0.0347164 -0.0691808 0.162716 0.0251326 -0.0261073 0.225473 -0.00105671 -0.00481789 0.223926 -0.0359058 0.00532691 0.215043 
41.7977 0.0389941 -0.0466679 0.148181 0.0347028 -0.0691877 0.162589 0.0251136 -0.0262176 0.225451 -0.00106579 -0.00486812 0.223926 -0.035891 0.00521455 0.215055 
41.9981 0.0387759 -0.04675 0.148163 0.0346953 -0.0689675 0.162664 0.0250993 -0.0259839 0.225473 -0.00156338 -0.00441068 0.223978 -0.0358838 0.00553594 0.215043 
42.1985 0.0379041 -0.0471065 0.148066 0.0347054 -0.0687477 0.16295 0.024481 -0.0242634 0.225987 -0.00282454 -0.0037628 0.224061 -0.0376378 0.00533031 0.215005 
42.3989 0.0368223 -0.0468794 0.148214 0.0347545 -0.0689435 0.163802 0.0239371 -0.022697 0.226437 -0.00330846 -0.00314382 0.224012 -0.0388487 0.00476003 0.214951 
42.5991 0.0360375 -0.0468685 0.148247 0.0348367 -0.0697457 0.165453 0.0236 -0.0225088 0.226585 -0.00337253 -0.00328794 0.223953 -0.0396148 0.00406809 0.214903 
42.7995 0.0347378 -0.0472691 0.148114 0.0348803 -0.0699908 0.16632 0.0231461 -0.0228461 0.226593 -0.00338843 -0.00341372 0.223941 -0.0397327 0.0038564 0.214898 
42.9997 0.0334103 -0.0475684 0.147998 0.0349077 -0.0700696 0.167014 0.0227123 -0.024301 0.226339 -0.00364017 -0.0035764 0.223971 -0.0397508 0.00385753 0.214896 
43.1999 0.0338153 -0.0472782 0.148129 0.0347286 -0.0702089 0.163057 0.0228466 -0.025015 0.226165 -0.00366909 -0.00374139 0.223982 -0.0380309 0.00407268 0.214971 
43.4002 0.0366707 -0.0475295 0.14836 0.0347168 -0.0703021 0.161668 0.024035 -0.0250608 0.225978 -0.00182297 -0.00377309 0.223836 -0.0368215 0.00415874 0.21503 
43.6006 0.0385569 -0.0470953 0.1485 0.0353639 -0.070198 0.161709 0.0248932 -0.0235662 0.226199 -0.000962739 -0.00383904 0.223752 -0.0369992 0.00399767 0.215043 
43.8009 0.0387765 -0.0470309 0.148525 0.0354424 -0.0701537 0.162043 0.0249875 -0.0232282 0.226238 -0.00082975 -0.00389781 0.223744 -0.0372187 0.00394872 0.215044 
44.0013 0.0387132 -0.0471014 0.148503 0.0355407 -0.0703848 0.163407 0.0249917 -0.0232093 0.226239 -0.000813555 -0.00377436 0.223736 -0.037217 0.00407158 0.215028 
44.2016 0.0386484 -0.0470786 0.148517 0.035711 -0.070379 0.165188 0.0249902 -0.0239098 0.226066 -0.00078755 -0.00363475 0.223738 -0.0371145 0.00427568 0.215022 
44.4018 0.0468569 -0.0527269 0.144961 0.0379349 -0.0586117 0.196702 0.0198753 -0.0162401 0.227713 -0.00835776 -0.00227163 0.224724 -0.0453997 0.00746744 0.214633 
44.6021 0.0614605 -0.0503452 0.141929 0.0386436 -0.0189692 0.221012 0.0118073 0.00208519 0.228934 -0.0220146 0.00566206 0.224279 -0.0583881 0.00703918 0.212923 
44.8023 0.0639602 -0.0461733 0.143012 0.0362742 -0.0128216 0.222812 0.0109006 0.00326074 0.228916 -0.0230477 0.00657433 0.224122 -0.0592727 0.00787914 0.21265 
45.0026 0.0657246 -0.0444412 0.14312 0.0351733 -0.011207 0.2233 0.0101625 0.00315611 0.228919 -0.0239899 0.00696047 0.223987 -0.0595902 0.00808429 0.212545 
45.2029 0.0676773 -0.0421667 0.143331 0.0351337 -0.0102802 0.223526 0.0101333 0.00311384 0.228919 -0.0246877 0.00697204 0.223889 -0.0596292 0.00811199 0.212532 
45.4034 0.0685498 -0.0414478 0.143299 0.035072 -0.0101401 0.223559 0.0101259 0.00311413 0.228919 -0.0249107 0.00689606 0.22386 -0.0596367 0.00818012 0.212526 
45.6037 0.0694735 -0.0406563 0.143255 0.03507 -0.0100256 0.223579 0.0101209 0.00320565 0.228919 -0.0249438 0.00693041 0.223853 -0.0597559 0.00822275 0.212489 
45.8039 0.0701678 -0.040337 0.143067 0.0350329 -0.0118821 0.222873 0.00871596 0.00202667 0.228842 -0.0250036 0.00765144 0.223815 -0.0621177 0.0093036 0.211716 
46.0042 0.0706472 -0.0394661 0.143163 0.0350138 -0.010371 0.22277 0.00791381 0.00345217 0.228761 -0.0252528 0.00881762 0.223719 -0.0631822 0.0113089 0.211254 
46.2046 0.0710638 -0.0384234 0.143332 0.0349841 -0.00829651 0.222909 0.0078311 0.00549227 0.228685 -0.0253628 0.0103106 0.223612 -0.063275 0.0112222 0.211242 
46.4048 0.0712354 -0.0383103 0.143292 0.0349821 -0.00796222 0.222943 0.007806 0.00577158 0.22867 -0.0253814 0.0105381 0.223593 -0.0631279 0.0105732 0.211328 
46.605 0.071348 -0.0383759 0.14321 0.034962 -0.00795461 0.222952 0.0077885 0.00583668 0.228665 -0.0254116 0.0106353 0.223583 -0.0625441 0.0101439 0.21154 
46.8053 0.0714858 -0.0376927 0.143373 0.0349157 -0.00987097 0.222175 0.00774517 0.00634865 0.228583 -0.0254449 0.0122487 0.223477 -0.0624995 0.0116168 0.211462 
47.0055 0.0711777 -0.0395779 0.142764 0.0348923 -0.00940148 0.222002 0.00770789 0.0073841 0.228513 -0.0254911 0.0136054 0.223373 -0.0624538 0.0126202 0.211403 
47.2057 0.0693644 -0.0417699 0.142633 0.0349049 -0.00446524 0.222917 0.00782526 0.00948948 0.228423 -0.0255774 0.0149867 0.22324 -0.0623782 0.0133943 0.211352 
47.4077 0.0692366 -0.0414198 0.142842 0.0348994 -0.00343745 0.223066 0.00823473 0.00998231 0.228411 -0.025633 0.0152721 0.223204 -0.0623221 0.0135449 0.211353 
47.6082 0.0701598 -0.0395223 0.143257 0.0349127 -0.0028505 0.223213 0.00827054 0.00986142 0.228414 -0.0256454 0.0151701 0.223209 -0.0623141 0.0135196 0.211357 
47.8084 0.0710933 -0.0387598 0.143259 0.0349272 -0.00274944 0.223663 0.00837789 0.00945036 0.228573 -0.0256615 0.0119247 0.223435 -0.0623056 0.012338 0.211469 
48.0087 0.0716516 -0.0389786 0.14302 0.0349341 -0.00413802 0.223903 0.00852116 0.00705641 0.22873 -0.0257071 0.0100303 0.223575 -0.0622951 0.0117016 0.211534 
48.209 0.0715714 -0.0388733 0.143111 0.0349593 -0.00678928 0.223396 0.00852516 0.00693339 0.228741 -0.0257219 0.00983146 0.223585 -0.062292 0.0118806 0.211523 
48.4095 0.0711955 -0.0389188 0.143276 0.0351453 -0.00741605 0.22323 0.00831237 0.00701729 0.228735 -0.0258309 0.00986582 0.223567 -0.0622885 0.0126728 0.211468 
48.6098 0.0701776 -0.040262 0.143218 0.0351668 -0.00796429 0.22308 0.00796671 0.00708763 0.228723 -0.0258455 0.00991038 0.223562 -0.0622753 0.0141763 0.211346 
48.8102 0.0698331 -0.0408645 0.143124 0.0351867 -0.00631191 0.223487 0.0078183 0.00707651 0.22872 -0.0258588 0.00972136 0.223567 -0.0622703 0.0144722 0.211319 
49.0104 0.0699367 -0.0410099 0.143041 0.0351885 -0.00595998 0.223712 0.00769246 0.00657874 0.228745 -0.0258521 0.0090296 0.223605 -0.0620985 0.013724 0.211433 
49.0606 0.0703677 -0.0397324 0.143385 0.035185 -0.00642295 0.223701 0.00767921 0.0063273 0.228762 -0.0258331 0.00843081 0.223635 -0.0611906 0.0131879 0.211759 
49.1108 0.070855 -0.0386015 0.14364 0.0351823 -0.0067761 0.223742 0.00767075 0.00575515 0.22879 -0.0248581 0.00756092 0.22382 -0.0601792 0.0124223 0.21212 
49.3115 0.0729896 -0.0350494 0.144024 0.0360019 -0.00760642 0.223862 0.00924504 0.00416136 0.22891 -0.0216012 0.00560945 0.224321 -0.0565254 0.00768309 0.213406 
49.5118 0.0730077 -0.0358421 0.14377 0.0368054 -0.0091665 0.223614 0.00951039 0.00383842 0.228929 -0.0213653 0.00556465 0.224354 -0.0562703 0.00688239 0.213503 
49.712 0.072533 -0.0370541 0.143599 0.0376034 -0.0103736 0.223418 0.00930754 0.00364772 0.228937 -0.0213135 0.00531789 0.224369 -0.0562387 0.00633133 0.213531 
49.9123 0.0724545 -0.037358 0.143526 0.0386645 -0.0110147 0.223216 0.00857071 0.00363956 0.228922 -0.0213066 0.00537777 0.224368 -0.0561585 0.0062571 0.213554 
50.1126 0.0724426 -0.0379342 0.143308 0.0392446 -0.0109272 0.223106 0.00827688 0.00411956 0.228905 -0.0212939 0.00588025 0.224355 -0.0555214 0.00665172 0.213696 
50.3128 0.0724009 -0.0387331 0.143002 0.039771 -0.0111483 0.222871 0.00820974 0.00466856 0.228875 -0.0212814 0.0068327 0.224322 -0.05458 0.00795091 0.213866 
50.5129 0.0723332 -0.0391722 0.142856 0.0400161 -0.0112278 0.22277 0.00815827 0.00438269 0.228865 -0.0212615 0.00685221 0.224321 -0.0539761 0.00831469 0.213987 
50.7131 0.0723425 -0.0392516 0.142821 0.0400394 -0.0112834 0.222763 0.00813159 0.00431853 0.228865 -0.0212377 0.00686552 0.224323 -0.053616 0.00826497 0.214069 
50.9132 0.0737128 -0.0368494 0.143042 0.0401088 -0.00950674 0.223178 0.00812974 0.00453918 0.22886 -0.0212395 0.00673048 0.224325 -0.0535495 0.00842269 0.214077 
51.1134 0.0746651 -0.0348556 0.143267 0.0401457 -0.00873478 0.223341 0.00812449 0.00476788 0.228854 -0.0212229 0.00653126 0.224329 -0.0535163 0.0078946 0.214108 
51.3136 0.0749499 -0.0346275 0.143198 0.0401547 -0.00850824 0.223389 0.00812171 0.00480488 0.228852 -0.0212196 0.00655648 0.224328 -0.0534913 0.00686212 0.214151 
51.5138 0.0742037 -0.035199 0.143369 0.0401217 -0.010645 0.222874 0.00811577 0.00485546 0.228851 -0.0212114 0.00658421 0.224328 -0.0534822 0.00666873 0.214159 
51.714 0.0732238 -0.0368495 0.143235 0.0403226 -0.0117707 0.222558 0.00812789 0.00649792 0.228833 -0.0211917 0.00664445 0.224329 -0.0535241 0.00663114 0.214152 
51.9143 0.0729322 -0.0381259 0.142891 0.0403418 -0.012134 0.222459 0.00812085 0.00660588 0.228831 -0.0221264 0.00677171 0.224222 -0.0553859 0.00666461 0.213724 
52.1147 0.0724068 -0.0390342 0.142746 0.0403562 -0.0112823 0.222147 0.00810295 0.00894103 0.228734 -0.0226349 0.00930994 0.224054 -0.0556151 0.00855685 0.213587 
52.3151 0.0718763 -0.0395708 0.142697 0.0404227 -0.0110271 0.221541 0.00802325 0.00821586 0.228648 -0.0228628 0.0125153 0.223836 -0.0557132 0.011835 0.213377 
52.5153 0.0700246 -0.0430293 0.142021 0.0403934 -0.0111073 0.221223 0.00797969 0.00750374 0.228599 -0.0226469 0.0134765 0.223795 -0.053903 0.014046 0.213646 
52.7155 0.0684904 -0.0448036 0.141834 0.0400777 -0.0110712 0.221053 0.00793843 0.00725579 0.228546 -0.020097 0.0141813 0.224018 -0.0526089 0.0156079 0.213797 
52.9156 0.0690093 -0.043993 0.141941 0.040022 -0.0100129 0.221268 0.00684034 0.00819987 0.228457 -0.0199911 0.0146524 0.223983 -0.0519257 0.0165182 0.213856 
53.1158 0.0715134 -0.0384657 0.143236 0.0400611 -0.00866249 0.221855 0.0064956 0.00878459 0.228464 -0.0199545 0.0138591 0.224037 -0.0516589 0.0163717 0.213923 
53.316 0.0735137 -0.0356248 0.143473 0.0401118 -0.00898151 0.222636 0.00635422 0.00812357 0.228658 -0.0214312 0.00890915 0.224187 -0.0541277 0.0110305 0.213807 
53.5163 0.0736296 -0.035943 0.143322 0.040096 -0.00913177 0.222741 0.0063337 0.00761855 0.228692 -0.0216107 0.00900865 0.224181 -0.0542433 0.0100908 0.213836 
53.7166 0.073346 -0.0361911 0.143397 0.0400722 -0.00979329 0.222759 0.00667993 0.00707707 0.228741 -0.0216318 0.00899432 0.224191 -0.0542752 0.00966369 0.213852 
53.9168 0.0721603 -0.0385386 0.143152 0.0400609 -0.011272 0.222725 0.00826885 0.00648027 0.228839 -0.0216661 0.00893899 0.224194 -0.0538655 0.0109627 0.213848 
54.117 0.0719922 -0.0389443 0.143081 0.0402976 -0.0115731 0.222694 0.00843221 0.00629973 0.228852 -0.0216763 0.00881812 0.224198 -0.053515 0.0109421 0.213923 
54.3172 0.0719983 -0.0389421 0.143081 0.0403634 -0.0116078 0.222671 0.00849869 0.00627779 0.228854 -0.0214502 0.00886456 0.224221 -0.0534937 0.0110393 0.21392 
54.5175 0.0731652 -0.0374085 0.143076 0.0403854 -0.011111 0.222804 0.00850813 0.00462634 0.228874 -0.0213423 0.00835513 0.224257 -0.0534948 0.00979011 0.214009 
54.7177 0.0734188 -0.0376804 0.142851 0.0404005 -0.0107317 0.222867 0.0085029 0.00368 0.228867 -0.0212975 0.0077061 0.224288 -0.0534988 0.00917619 0.214047 
54.9181 0.0727121 -0.0397731 0.142396 0.0403926 -0.0109718 0.222781 0.00839107 0.00373349 0.228862 -0.0212904 0.00775462 0.224286 -0.0534869 0.00915335 0.214052 
55.1185 0.0712215 -0.0425071 0.141924 0.0402919 -0.0128687 0.221965 0.00829961 0.00447001 0.228807 -0.0212615 0.00891163 0.224234 -0.0534591 0.0107355 0.213971 
55.3187 0.0699111 -0.0437143 0.141939 0.0402175 -0.0138985 0.221296 0.00826138 0.00514091 0.228752 -0.0211827 0.00950397 0.224202 -0.0534132 0.0133661 0.213794 
55.519 0.0688002 -0.0444566 0.142089 0.0401568 -0.0155741 0.220622 0.00827024 0.00510409 0.228747 -0.0203534 0.00951149 0.224285 -0.053316 0.0141227 0.213749 
55.7193 0.0684603 -0.0447144 0.142112 0.0401435 -0.0159318 0.220462 0.00883309 0.00514729 0.22876 -0.0201052 0.00947829 0.224309 -0.0531295 0.0143144 0.213772 
55.9196 0.0684508 -0.0447333 0.142109 0.040131 -0.0160215 0.220396 0.00895713 0.00531002 0.228762 -0.0200738 0.00955425 0.224308 -0.0530643 0.014484 0.213771 
56.1199 0.0684328 -0.0447867 0.142091 0.0401417 -0.0161841 0.220361 0.0093847 0.00505858 0.228771 -0.0193856 0.0094629 0.224376 -0.0530365 0.0143851 0.213784 
56.3202 0.0691517 -0.0433233 0.1425 0.0414791 -0.0132503 0.221449 0.0096455 0.00437201 0.228815 -0.0182323 0.00908611 0.2245 -0.051904 0.0132274 0.214108 
56.5206 0.0700145 -0.0419005 0.142844 0.0433476 -0.0127148 0.222156 0.00985073 0.00264375 0.228908 -0.0172785 0.00774605 0.224636 -0.0502172 0.0105778 0.214599 
56.721 0.0701084 -0.0417316 0.142886 0.043434 -0.0155663 0.221302 0.0108654 0.00259338 0.228928 -0.0171305 0.00748363 0.224656 -0.0499575 0.0109262 0.21461 
56.9213 0.0691831 -0.0418136 0.143293 0.0421418 -0.0187871 0.220376 0.0128198 0.00297954 0.22893 -0.0173358 0.00745812 0.22464 -0.0499159 0.0123822 0.214466 
57.1215 0.0603996 -0.0489624 0.143538 0.0416121 -0.0261998 0.219301 0.0143992 -0.000273393 0.228897 -0.0174876 0.00377824 0.224578 -0.0462453 0.00852031 0.215024 
57.322 0.0543301 -0.0544249 0.142518 0.0404962 -0.0382895 0.214876 0.0153221 -0.00592748 0.228637 -0.0175045 -0.0012125 0.224364 -0.0438391 0.00369205 0.215185 
57.5223 0.049926 -0.0585535 0.141067 0.0371865 -0.0489401 0.209004 0.0141652 -0.010782 0.228318 -0.0155678 -0.00549126 0.224145 -0.0436629 0.000656211 0.21484 
57.7225 0.0493722 -0.059074 0.140851 0.0366523 -0.0528146 0.205189 0.0139178 -0.0115662 0.22827 -0.0147683 -0.00610326 0.224133 -0.0437607 9.09865e-05 0.214781 
57.9227 0.0483342 -0.0576745 0.141855 0.0360274 -0.057343 0.199025 0.0171624 -0.0137806 0.228053 -0.0122092 -0.00666437 0.224195 -0.0408067 5.69693e-05 0.215029 
58.1231 0.0454057 -0.0544294 0.144111 0.0355191 -0.0662617 0.18605 0.0240865 -0.0198205 0.226828 -0.00665922 -0.00969535 0.22398 -0.0333829 -0.00152259 0.215206 
58.3236 0.0424381 -0.0565499 0.143562 0.0353502 -0.0686399 0.181398 0.0255377 -0.0214827 0.226421 -0.00529658 -0.0108861 0.223832 -0.0317092 -0.0026895 0.215173 
58.5239 0.0377617 -0.0616822 0.141017 0.0343867 -0.0708537 0.176114 0.0240591 -0.024092 0.226302 -0.00618583 -0.0115171 0.223711 -0.0316362 -0.00468088 0.215128 
58.7241 0.0369928 -0.0621312 0.140712 0.0342189 -0.0711476 0.174472 0.0239213 -0.0245154 0.226259 -0.00668767 -0.011608 0.223713 -0.0316262 -0.00497066 0.215124 
58.9245 0.0370156 -0.0608602 0.141408 0.0341589 -0.0714731 0.17169 0.0239144 -0.0257692 0.226048 -0.00671558 -0.0118494 0.223703 -0.0315687 -0.00504218 0.215106 
59.1248 0.0421645 -0.0511648 0.145967 0.0361028 -0.071815 0.166738 0.0263193 -0.028951 0.224974 -0.00371741 -0.0118747 0.223524 -0.0275554 -0.00515277 0.214973 
59.3251 0.0434722 -0.0484655 0.146974 0.0365449 -0.0721339 0.165923 0.0271022 -0.029423 0.224715 -0.00289419 -0.0118101 0.223456 -0.0264563 -0.00523264 0.214909 
59.5254 0.0429496 -0.047499 0.147467 0.0364992 -0.0725712 0.165073 0.0278973 -0.0295772 0.224519 -0.00277587 -0.0117279 0.223452 -0.0263627 -0.00521645 0.214909 
59.7257 0.0430724 -0.0479632 0.147419 0.0364266 -0.0732102 0.164043 0.0280073 -0.0304187 0.224273 -0.00266611 -0.0118379 0.223436 -0.0263009 -0.00531424 0.214902 
59.926 0.0436348 -0.048826 0.14721 0.0363444 -0.0737087 0.163075 0.0277004 -0.0309863 0.224154 -0.00256886 -0.0125146 0.223449 -0.0263137 -0.00528945 0.214905 
60.1263 0.043434 -0.0479442 0.147622 0.036343 -0.0739336 0.162713 0.0276327 -0.0289238 0.224747 -0.00254113 -0.0127183 0.223449 -0.0263627 -0.00541964 0.214917 
60.3268 0.0431691 -0.0467725 0.148138 0.0365211 -0.0742851 0.161969 0.0276631 -0.02783 0.225005 -0.00198612 -0.0126871 0.223404 -0.0263742 -0.00529563 0.214915 
60.5272 0.0434899 -0.0471516 0.14807 0.0367109 -0.0747154 0.161094 0.0276232 -0.0296379 0.224559 -0.00191452 -0.0128002 0.223396 -0.0263819 -0.00540757 0.214919 
60.7273 0.0436236 -0.0474439 0.147967 0.0367421 -0.074826 0.160859 0.0276211 -0.0297376 0.224544 -0.00191267 -0.012822 0.223393 -0.0263796 -0.00541798 0.214918 
60.9276 0.0436553 -0.0480858 0.147625 0.0367499 -0.0748325 0.16088 0.0276451 -0.0291728 0.224721 -0.00191394 -0.0127337 0.223394 -0.0263751 -0.00541269 0.214918 
61.1279 0.0436477 -0.0481644 0.147585 0.0367539 -0.0748606 0.160865 0.027649 -0.0289189 0.224796 -0.00191205 -0.0128366 0.223392 -0.0263957 -0.00543827 0.214917 
61.3282 0.0436587 -0.0481633 0.147583 0.036824 -0.0744879 0.16152 0.0276545 -0.0286805 0.224858 -0.00191846 -0.0127925 0.223391 -0.0264609 -0.00549595 0.214925 
61.5284 0.0443529 -0.0480416 0.147548 0.0368323 -0.0744887 0.161543 0.0276001 -0.0310181 0.224239 -0.00191649 -0.0128175 0.223388 -0.0264897 -0.00562237 0.214933 
61.7286 0.0448449 -0.0481654 0.147432 0.0368402 -0.074505 0.161488 0.0276584 -0.0314648 0.224099 -0.00192047 -0.0128614 0.223386 -0.0264945 -0.00553833 0.214923 
61.9288 0.0452179 -0.0488077 0.147114 0.0368416 -0.0747675 0.161385 0.0276747 -0.0317896 0.224051 -0.00191659 -0.0131831 0.223358 -0.0264962 -0.00593564 0.214914 
62.1291 0.04559 -0.0490601 0.146952 0.0368434 -0.0751555 0.16117 0.0278109 -0.0323404 0.223934 -0.00191069 -0.0137554 0.223317 -0.0265077 -0.00648718 0.214896 
62.3293 0.0459422 -0.0488449 0.146992 0.0367544 -0.0757198 0.160149 0.028668 -0.0330905 0.223543 -0.00169907 -0.0138252 0.22329 -0.0265096 -0.00657872 0.214894 
62.5296 0.0460197 -0.0488124 0.146992 0.0367388 -0.0757975 0.159968 0.0289317 -0.0332504 0.223444 -0.00149695 -0.0139496 0.223268 -0.0265173 -0.00658279 0.21489 
62.7299 0.0461547 -0.0491745 0.146823 0.0367322 -0.0758156 0.159881 0.0295981 -0.0349907 0.222737 -0.000687515 -0.0173671 0.223135 -0.0265973 -0.00659487 0.214899 
62.9302 0.0456408 -0.0492948 0.146965 0.0364698 -0.0697373 0.161276 0.0305371 -0.0370817 0.220101 0.00247951 -0.0222664 0.222078 -0.0266447 -0.00376787 0.215671 
63.1304 0.0496583 -0.0466609 0.147399 0.0370439 -0.0639246 0.171306 0.0289206 -0.0404846 0.214043 0.00359527 -0.0264516 0.218499 -0.0220673 -0.0237318 0.210783 
63.3306 0.0645299 -0.0246819 0.149877 0.0419549 -0.0376148 0.192266 0.0195382 -0.0327331 0.197044 0.000527933 -0.0209094 0.206227 -0.0247498 -0.0334299 0.164498 
63.531 0.0580207 -0.0184025 0.153103 0.0396999 -0.0330801 0.187148 0.0230963 -0.00829849 0.21605 0.00454376 0.0109619 0.21977 -0.0224812 -0.00597401 0.200925 
63.7315 0.0461583 -0.0323532 0.152536 0.0360771 -0.0549592 0.171187 0.0286583 -0.0117168 0.224882 0.00430183 0.0126987 0.222781 -0.0280386 0.0183282 0.214528 
63.9319 0.0449762 -0.0481327 0.147207 0.0357509 -0.0735519 0.162237 0.0289757 -0.0355793 0.222427 0.00374986 -0.0120867 0.22269 -0.0290176 -0.00527333 0.215096 
64.1322 0.0446088 -0.0478797 0.147355 0.0359009 -0.0742804 0.161935 0.0292765 -0.0355171 0.222622 0.00343375 -0.0131095 0.222668 -0.0286866 -0.00621034 0.215014 
64.3324 0.0444147 -0.0472858 0.147616 0.036324 -0.0744758 0.161772 0.0304777 -0.0347662 0.222659 0.00323449 -0.0115127 0.222649 -0.0275211 -0.00624916 0.214949 
64.5327 0.0444387 -0.0471692 0.147671 0.0365473 -0.0742297 0.163793 0.0305022 -0.035593 0.222345 0.00324022 -0.0111904 0.222668 -0.0265886 -0.00601633 0.214905 
64.733 0.0440157 -0.049663 0.146971 0.0366129 -0.0702232 0.166472 0.028767 -0.0411422 0.21985 0.00261852 -0.0183102 0.222948 -0.0268012 -0.00476203 0.215371 
64.9333 0.0409141 -0.0467324 0.148085 0.0356662 -0.0520367 0.167541 0.0192023 -0.0322924 0.215659 -0.00934177 -0.0160006 0.220494 -0.0384946 -0.00886585 0.214656 
65.1336 0.0405683 -0.0452551 0.148507 0.0354794 -0.0477615 0.16774 0.0177127 -0.0278754 0.215387 -0.0111719 -0.0151252 0.218653 -0.0404798 -0.00403453 0.214383 
65.3338 0.040172 -0.0434926 0.149135 0.0354641 -0.047876 0.167536 0.0182991 -0.0280588 0.215277 -0.0097632 -0.0170528 0.217479 -0.0396497 -0.00276149 0.214554 
65.534 0.0415448 -0.043748 0.149464 0.0366266 -0.0631134 0.168099 0.0292115 -0.0213025 0.225286 0.00111714 -0.0106442 0.223697 -0.03158 0.000924265 0.216005 
65.7343 0.0429556 -0.0459577 0.148412 0.0384493 -0.0731972 0.17239 0.0325827 -0.0270416 0.224236 0.00546781 -0.0167432 0.222074 -0.0283951 -0.00962129 0.214917 
65.9345 0.0404355 -0.043657 0.14975 0.0392785 -0.071476 0.18126 0.0323282 -0.028094 0.224212 0.00346433 -0.0166689 0.22239 -0.0311198 -0.00961836 0.21498 
66.1347 0.0364645 -0.0425826 0.150741 0.0365634 -0.0592579 0.188852 0.0259899 -0.0328132 0.221447 0.00105289 -0.038145 0.209185 -0.0325118 -0.016143 0.215068 
66.335 0.0364815 -0.0378703 0.152327 0.0344962 -0.0409235 0.194439 0.020642 -0.0218459 0.218114 -0.000385414 -0.030446 0.192491 -0.0302772 -0.00724137 0.212901 
66.5353 0.0399653 -0.0408031 0.151655 0.0373733 -0.0539942 0.189743 0.0268847 -0.0193339 0.224752 0.00255521 -0.0115487 0.222313 -0.0301429 0.00291936 0.216246 
66.7355 0.0429404 -0.0445367 0.150005 0.0393948 -0.0660902 0.181556 0.0306248 -0.0253326 0.224617 -0.00063413 -0.0108486 0.223661 -0.0311966 -0.00182474 0.215393 
66.9368 0.0418131 -0.0433135 0.150373 0.0389501 -0.0681798 0.175742 0.0307913 -0.0260377 0.224595 -0.000817192 -0.0102349 0.223504 -0.0308174 -0.00242148 0.215208 
67.1371 0.041005 -0.0430886 0.150252 0.0397806 -0.068389 0.180219 0.0303393 -0.0264955 0.224662 -0.000957647 -0.0106793 0.223446 -0.0301387 -0.00318391 0.215154 
67.3373 0.0405896 -0.0439689 0.149731 0.0412504 -0.0672416 0.186357 0.0280073 -0.0265332 0.225112 -0.0029633 -0.0104597 0.223621 -0.0330344 -0.00313683 0.215181 
67.5374 0.0415295 -0.0445497 0.149405 0.0424992 -0.0632227 0.196344 0.0278192 -0.028342 0.224687 -0.00310286 -0.0104926 0.223632 -0.0332785 -0.00315038 0.215178 
67.7376 0.0426255 -0.0446631 0.149219 0.0424919 -0.0634164 0.196154 0.0284793 -0.0293906 0.224276 -0.00285869 -0.0105436 0.223603 -0.0327558 -0.00299167 0.215149 
67.938 0.0423888 -0.0439559 0.149454 0.0401975 -0.0698338 0.176062 0.0299539 -0.0317831 0.22354 -0.00121621 -0.0130201 0.22331 -0.0325909 -0.00519768 0.215101 
68.1383 0.0429914 -0.0451226 0.148938 0.0410081 -0.0699758 0.181022 0.0313296 -0.0331328 0.223009 0.000682258 -0.0172544 0.222932 -0.0316336 -0.00681652 0.21503 
68.3385 0.0466971 -0.0449504 0.148715 0.0426509 -0.0636527 0.193505 0.0330959 -0.033171 0.22227 0.00404021 -0.0190089 0.222487 -0.027155 -0.00460629 0.215134 
68.5388 0.0472744 -0.0439292 0.149153 0.0411287 -0.0667639 0.181386 0.0335609 -0.0300273 0.223092 0.00470948 -0.0139504 0.222806 -0.0262587 -0.00414403 0.215176 
68.739 0.0448386 -0.045861 0.148865 0.0392263 -0.0690128 0.172945 0.0321761 -0.0301053 0.223514 0.00288056 -0.0112684 0.223029 -0.0261991 -0.00318818 0.214995 
68.9392 0.0401746 -0.0494838 0.147921 0.0379137 -0.0716838 0.164501 0.0315225 -0.0337931 0.222293 0.00272871 -0.0111948 0.223046 -0.0261965 -0.00313066 0.214984 
69.1395 0.0383376 -0.0508609 0.147372 0.0377771 -0.0724864 0.163544 0.0309356 -0.0334613 0.222594 0.00250878 -0.0115949 0.223029 -0.0283107 -0.00365486 0.215086 
69.34 0.0360427 -0.0512788 0.146882 0.0377548 -0.073289 0.163026 0.0292049 -0.0329876 0.223282 0.000769412 -0.0119918 0.223169 -0.030829 -0.0044179 0.215117 
69.5401 0.0339046 -0.0529836 0.145907 0.0375421 -0.0733953 0.161828 0.0223275 -0.0354343 0.223302 -0.00503581 -0.0134136 0.223813 -0.0364215 -0.00276081 0.215033 
69.7403 0.0331364 -0.0526069 0.145964 0.0371114 -0.072407 0.161329 0.0200338 -0.0359632 0.223063 -0.00696345 -0.014487 0.22405 -0.0386004 -0.000723723 0.215006 
69.9404 0.035608 -0.0499955 0.147024 0.0364041 -0.0712723 0.160628 0.0197955 -0.0359266 0.222577 -0.00719655 -0.0157692 0.22407 -0.0390903 -0.00237727 0.215434 
70.1406 0.0369326 -0.0487585 0.147505 0.0362342 -0.0708514 0.160433 0.021733 -0.0356825 0.222277 -0.00645148 -0.0156572 0.224058 -0.0361119 -0.00278027 0.215684 
70.3408 0.037847 -0.0481086 0.147766 0.0362335 -0.0710741 0.160317 0.0236334 -0.0344474 0.222516 -0.00428919 -0.0129468 0.224097 -0.0339698 -0.00251185 0.215671 
70.541 0.0407776 -0.0485453 0.147584 0.0363845 -0.072515 0.160968 0.0265433 -0.0348511 0.222445 -0.00207934 -0.0125109 0.223776 -0.0319268 -0.0023559 0.215306 
70.7413 0.0389226 -0.0509424 0.146778 0.0363097 -0.0691964 0.162472 0.0225224 -0.0416715 0.219094 -0.00573231 -0.0222501 0.22303 -0.0363521 -0.0060957 0.215899 
70.9417 0.0344563 -0.0476378 0.14809 0.0360272 -0.0554749 0.166906 0.0154164 -0.0355883 0.215863 -0.0133683 -0.018546 0.220927 -0.0442223 -0.00299835 0.215716 
71.142 0.0339832 -0.047092 0.148266 0.0359873 -0.0538666 0.167251 0.0147844 -0.033446 0.216134 -0.0140918 -0.0169701 0.220913 -0.0449935 -0.00118944 0.21558 
71.3422 0.0332702 -0.0463581 0.148428 0.0359862 -0.0539878 0.167126 0.0143844 -0.0337773 0.215833 -0.014136 -0.017093 0.220909 -0.0450257 -0.00182221 0.215517 
71.5424 0.0330585 -0.0453134 0.148813 0.0359897 -0.0529113 0.167597 0.0142164 -0.0342897 0.214905 -0.0141163 -0.0191538 0.219392 -0.0450445 -0.00103713 0.215492 
71.7426 0.0332043 -0.0444786 0.149083 0.035966 -0.0511815 0.168121 0.0140584 -0.033261 0.214575 -0.0141158 -0.01875 0.218821 -0.0449929 -6.16462e-06 0.215444 
71.9428 0.0332422 -0.0444584 0.149086 0.0359665 -0.0511273 0.168117 0.0140551 -0.0332479 0.214533 -0.0141481 -0.0176659 0.219356 -0.0448258 0.00149888 0.215571 
72.1431 0.0337669 -0.0439019 0.149304 0.0359628 -0.0510314 0.168097 0.0140534 -0.0330945 0.214588 -0.0141519 -0.0174629 0.219406 -0.0442374 0.00292549 0.215702 
72.3432 0.0340599 -0.0435807 0.149423 0.0359663 -0.0510528 0.168147 0.0140536 -0.033115 0.214581 -0.0140964 -0.0188841 0.218683 -0.0431857 0.00471407 0.21585 
72.5434 0.0342046 -0.0435626 0.149446 0.0359637 -0.0510964 0.168085 0.0140744 -0.0326208 0.214821 -0.0142048 -0.0190068 0.218633 -0.0429538 0.0026917 0.215842 
72.7436 0.0337517 -0.0440064 0.14928 0.0357646 -0.0512439 0.167824 0.0138435 -0.0321808 0.215005 -0.0152939 -0.0175991 0.219263 -0.0430681 0.000876504 0.215722 
72.9439 0.0326065 -0.0443209 0.149156 0.035723 -0.05163 0.167627 0.0138259 -0.0317775 0.215315 -0.0154072 -0.0155089 0.220371 -0.0431727 0.000365368 0.215698 
73.1441 0.0313467 -0.0446521 0.149051 0.0357827 -0.052438 0.167898 0.0138743 -0.0315666 0.216355 -0.0131779 -0.0140348 0.221532 -0.0418694 -0.000136161 0.215862 
73.3443 0.0309225 -0.0452627 0.148839 0.035994 -0.0532774 0.168399 0.013901 -0.0317691 0.217257 -0.0130377 -0.0133985 0.222224 -0.0423635 -7.955e-05 0.215914 
73.5445 0.0308606 -0.0454042 0.148787 0.0360513 -0.0534324 0.168468 0.0139105 -0.0319145 0.217306 -0.0129585 -0.0151732 0.221668 -0.0428014 -0.000198736 0.215876 
73.7448 0.0313211 -0.0454119 0.148772 0.0360681 -0.052744 0.168726 0.0145824 -0.0318887 0.217083 -0.0135506 -0.0151605 0.221362 -0.0428689 0.000425706 0.215851 
73.9451 0.0315263 -0.0446744 0.149077 0.0360228 -0.052434 0.168406 0.0146028 -0.0318313 0.216834 -0.0136882 -0.0149091 0.221156 -0.0429262 0.00448107 0.215915 
74.1455 0.0337136 -0.0436804 0.149657 0.0359706 -0.0533628 0.166511 0.017628 -0.0319077 0.216295 -0.0119193 -0.0147056 0.221115 -0.0394925 0.00547909 0.216189 
74.3457 0.0393762 -0.0451943 0.149295 0.0364237 -0.0585004 0.160989 0.0236442 -0.0332015 0.215936 -0.00425988 -0.0119999 0.22253 -0.0325899 0.00480081 0.216429 
74.546 0.0410066 -0.0439787 0.149687 0.0365484 -0.0599673 0.160327 0.0245857 -0.0330539 0.216802 -0.00302872 -0.0119166 0.222843 -0.0317266 0.00423204 0.216423 
74.7462 0.0418928 -0.0439052 0.149714 0.0369133 -0.0614405 0.16161 0.0253288 -0.03137 0.219147 -0.0018748 -0.0106096 0.223461 -0.0315137 0.00464 0.21631 
74.9464 0.0413769 -0.0486828 0.147824 0.0372826 -0.0675423 0.161342 0.0264466 -0.0334764 0.22124 -0.00162964 -0.0140739 0.22367 -0.0313713 0.000214712 0.215975 
75.1468 0.0387871 -0.0481674 0.1478 0.0366176 -0.0645627 0.161408 0.0198771 -0.0403111 0.216977 -0.00801793 -0.0220553 0.221925 -0.0383772 -0.00620315 0.216164 
75.347 0.0359627 -0.0429477 0.149586 0.0357398 -0.0526545 0.163632 0.0134983 -0.0342475 0.212808 -0.0146922 -0.0170139 0.219228 -0.0449355 -0.00184619 0.215116 
75.5472 0.0353178 -0.0429616 0.149604 0.0359499 -0.0515413 0.166139 0.0132474 -0.0327735 0.213756 -0.0151326 -0.0140617 0.220624 -0.0454955 0.00114662 0.215335 
75.7474 0.0346304 -0.0437026 0.149364 0.0360934 -0.0525931 0.167181 0.0132922 -0.0325896 0.215337 -0.0149624 -0.0131921 0.221725 -0.0456537 0.00254883 0.215534 
75.9477 0.0343466 -0.0435676 0.149469 0.0361146 -0.0541542 0.167106 0.0133504 -0.0316038 0.217185 -0.0147804 -0.0117293 0.222676 -0.0457119 0.00448845 0.21559 
76.1481 0.0337919 -0.0435716 0.149567 0.036111 -0.0545675 0.167018 0.013367 -0.0316632 0.217437 -0.0142847 -0.011961 0.22273 -0.0449833 0.00482812 0.215682 
76.3484 0.031877 -0.0442722 0.149271 0.0361159 -0.0545628 0.167094 0.0133651 -0.0311517 0.217767 -0.0136494 -0.0116969 0.222778 -0.0440872 0.00549526 0.21577 
76.5485 0.0312329 -0.0443182 0.149193 0.0362023 -0.0531741 0.167588 0.0133072 -0.0315198 0.21715 -0.0134524 -0.0174749 0.220204 -0.0435705 0.000378633 0.215649 
76.7488 0.0313771 -0.0442352 0.149266 0.0361832 -0.0521601 0.167346 0.0132258 -0.0317362 0.215975 -0.0132744 -0.0173948 0.219655 -0.0428672 -0.000650018 0.215564 
76.949 0.0316423 -0.0442426 0.149516 0.0361722 -0.0521675 0.167238 0.0132635 -0.0324078 0.215297 -0.0128953 -0.0173727 0.219634 -0.0422355 -0.000531629 0.215727 
77.1492 0.0313889 -0.044436 0.149453 0.0361708 -0.0522042 0.167182 0.0133148 -0.0324504 0.215257 -0.0127971 -0.0175512 0.219551 -0.0421506 0.00116435 0.215877 
77.3494 0.0314846 -0.0457128 0.148898 0.0361713 -0.0522341 0.167165 0.0133216 -0.0322003 0.21551 -0.0127838 -0.0177199 0.219482 -0.0421507 0.00223306 0.215932 
77.5496 0.0313551 -0.0459757 0.148801 0.0362472 -0.0522749 0.167703 0.0134257 -0.0316227 0.216492 -0.0128205 -0.0143749 0.22123 -0.0421255 0.00509957 0.215973 
77.7497 0.037677 -0.0451123 0.14947 0.0363321 -0.0593597 0.167251 0.0218594 -0.0303893 0.221076 -0.00533096 -0.00852133 0.22426 -0.0348386 0.00690906 0.216053 
77.9499 0.0453409 -0.046526 0.148298 0.0371864 -0.0710003 0.163479 0.0315735 -0.0347614 0.221534 0.00479688 -0.0110058 0.222831 -0.0258724 -0.00189058 0.215035 
78.1501 0.0426836 -0.0490512 0.147581 0.037575 -0.0726793 0.162878 0.0237999 -0.0367476 0.222647 -0.00402806 -0.0134998 0.223695 -0.0320716 -0.00341174 0.215123 
78.3504 0.037332 -0.0486487 0.14772 0.0379876 -0.0714072 0.163456 0.0166232 -0.0382308 0.222288 -0.0124173 -0.0202564 0.223609 -0.0388514 -0.00158971 0.214992 
78.5505 0.0354658 -0.0447253 0.149086 0.0366768 -0.0586029 0.165044 0.0151716 -0.0369007 0.216827 -0.0141233 -0.0217524 0.220425 -0.0408447 -0.0053936 0.215911 
78.7507 0.0349593 -0.0418705 0.14993 0.0358407 -0.051015 0.165954 0.0147181 -0.0312375 0.214808 -0.0147943 -0.0177759 0.218432 -0.041366 -0.000947937 0.215489 
78.9508 0.0342854 -0.0433108 0.149517 0.0360273 -0.0528237 0.167338 0.0146743 -0.0317431 0.216515 -0.0149874 -0.0167603 0.220221 -0.0430031 0.00200642 0.215827 
79.151 0.0341494 -0.0436063 0.14944 0.0360531 -0.0534719 0.167505 0.0142215 -0.0321831 0.216842 -0.0150307 -0.0166975 0.220601 -0.0434685 0.00181412 0.215813 
79.3512 0.0341598 -0.0434706 0.14949 0.0360604 -0.0533433 0.167624 0.01392 -0.0316139 0.217201 -0.0150404 -0.0160145 0.220832 -0.0437411 0.00199513 0.215781 
79.5514 0.0335533 -0.0424186 0.14988 0.03601 -0.0518245 0.167922 0.0133438 -0.0291502 0.217642 -0.0150335 -0.0157152 0.220316 -0.0446644 0.00318561 0.215636 
79.7517 0.0331051 -0.042115 0.149998 0.0359487 -0.0518023 0.167474 0.0130808 -0.0301298 0.217089 -0.015012 -0.0169026 0.219599 -0.0449111 0.00312152 0.215586 
79.952 0.0335812 -0.0427686 0.14972 0.0358165 -0.0517831 0.167036 0.0130241 -0.0306719 0.216782 -0.014961 -0.0183499 0.218631 -0.0450042 0.00486579 0.215615 
80.1522 0.0346381 -0.0420018 0.150018 0.0349859 -0.0516703 0.167137 0.0129122 -0.0294319 0.217705 -0.0149674 -0.0181465 0.218622 -0.0450504 0.00538343 0.215607 
80.3524 0.0372153 -0.0423159 0.149788 0.0344944 -0.0511871 0.166343 0.0146742 -0.0292249 0.217261 -0.0127501 -0.0179328 0.218702 -0.042449 -0.00418795 0.214901 
80.5526 0.0430523 -0.0410705 0.149944 0.0344201 -0.0461859 0.166292 0.0202072 -0.0271885 0.213874 -0.00635465 -0.012928 0.218612 -0.0367572 -0.0130229 0.210795 
80.7528 0.0411544 -0.0403613 0.150425 0.0345532 -0.0456846 0.166404 0.0173673 -0.0271082 0.2134 -0.00919474 -0.0109528 0.219234 -0.0403046 -0.00812458 0.212088 
80.9531 0.0356324 -0.0422374 0.149725 0.0346849 -0.0481004 0.166804 0.0138404 -0.0301134 0.213222 -0.0132338 -0.0126205 0.21981 -0.0450109 -0.00628977 0.212941 
81.1579 0.0350274 -0.0429626 0.149441 0.0350985 -0.0485629 0.166938 0.0135698 -0.0310751 0.212757 -0.0134887 -0.014787 0.219132 -0.0456043 -0.00215923 0.214151 
81.3584 0.0344467 -0.0435344 0.14923 0.0354036 -0.0489653 0.167085 0.0135453 -0.0316249 0.212602 -0.0134926 -0.0158666 0.218909 -0.0457184 -0.000921565 0.214497 
81.5587 0.0336891 -0.0440859 0.149078 0.0354932 -0.0506087 0.167088 0.0135321 -0.0326162 0.21302 -0.0135942 -0.0146148 0.220302 -0.0458611 5.31387e-05 0.214744 
81.759 0.0344923 -0.0447135 0.148976 0.036604 -0.0524907 0.175702 0.0159077 -0.0325365 0.215197 -0.0129698 -0.0151838 0.221188 -0.0440382 0.00105838 0.21548 
81.9593 0.0377678 -0.0443345 0.149245 0.0387199 -0.053911 0.186014 0.0208045 -0.0344864 0.21657 -0.00806887 -0.0174834 0.22187 -0.0390248 0.000155112 0.216232 
82.1596 0.0379885 -0.0443219 0.149189 0.0376387 -0.0532109 0.17461 0.0210493 -0.0363644 0.21376 -0.00735119 -0.0202135 0.22007 -0.038181 -0.00480566 0.215785 
82.3598 0.0386142 -0.0439051 0.149494 0.037606 -0.0499501 0.176901 0.0221794 -0.0303327 0.215713 -0.00457354 -0.0117238 0.221896 -0.0361825 0.00106423 0.216118 
82.56 0.0407401 -0.0467231 0.148552 0.0387371 -0.0564854 0.186405 0.0259761 -0.0322213 0.219029 0.000859892 -0.0104569 0.223557 -0.031243 0.0028099 0.216281 
82.7603 0.0413294 -0.0473353 0.14832 0.0387492 -0.0582061 0.186187 0.0265852 -0.0349486 0.218475 0.001796 -0.0150559 0.222855 -0.0304354 -0.000855892 0.216307 
82.9607 0.0415474 -0.0455891 0.149061 0.0383566 -0.0565614 0.184157 0.0261731 -0.034532 0.217549 8.81207e-05 -0.0160063 0.222379 -0.0316639 -0.00115823 0.216449 
83.161 0.0475531 -0.0437179 0.14913 0.0378835 -0.0511653 0.176152 0.0298749 -0.0328009 0.214215 0.00345973 -0.0163456 0.219939 -0.0244301 0.000846799 0.216023 
83.3613 0.0525541 -0.0402735 0.149517 0.0383626 -0.0463306 0.171599 0.0321767 -0.0311484 0.210972 0.0054064 -0.0209275 0.213934 -0.0189434 0.0018748 0.214823 
83.5616 0.0493786 -0.0401105 0.149578 0.0379546 -0.0392414 0.17393 0.0292284 -0.0261236 0.207439 -0.00176319 -0.0287192 0.185973 -0.0224889 0.00061684 0.212453 
83.7619 0.0449765 -0.0362298 0.15166 0.0387598 -0.0372424 0.179362 0.0295806 -0.0151839 0.215607 -0.000106545 -0.0203166 0.200594 -0.0261517 0.0145921 0.214446 
83.9623 0.0420042 -0.0389671 0.151362 0.0408316 -0.055535 0.184245 0.0287895 -0.0167353 0.22494 0.00101716 0.00377821 0.223754 -0.0312802 0.0109241 0.215297 
84.1626 0.0432083 -0.0505047 0.146597 0.0400474 -0.0748194 0.169114 0.0276788 -0.0388713 0.221611 -4.68384e-05 -0.0174276 0.222942 -0.0326354 -0.00797638 0.215046 
84.3629 0.0447992 -0.0509032 0.146205 0.0388602 -0.0758498 0.160832 0.0290786 -0.040587 0.220476 7.3339e-05 -0.0188134 0.222934 -0.0320735 -0.00676497 0.215042 
84.5632 0.0450364 -0.0485736 0.147148 0.0392622 -0.0738063 0.164094 0.0295517 -0.035963 0.222466 0.000509987 -0.0158799 0.223004 -0.0317256 -0.00681491 0.21504 
84.7636 0.0451332 -0.0479042 0.14739 0.0391778 -0.0733851 0.165229 0.0290158 -0.03574 0.222768 0.000577323 -0.0159274 0.222943 -0.0317023 -0.00740698 0.215011 
84.9643 0.044872 -0.04745 0.147622 0.0388956 -0.0734736 0.163844 0.0259772 -0.0377257 0.222289 0.000287213 -0.018777 0.223003 -0.033823 -0.00585705 0.215087 
85.1646 0.0375518 -0.0433969 0.149635 0.0372603 -0.0539949 0.167634 0.0181004 -0.0352198 0.215294 -0.00935243 -0.0207684 0.219581 -0.0403192 -0.00403779 0.21585 
85.3649 0.036413 -0.0405089 0.150433 0.0365896 -0.0460123 0.168455 0.0155591 -0.0284074 0.213765 -0.0121418 -0.0145662 0.218184 -0.0425054 0.00181122 0.215055 
85.5651 0.0375566 -0.0410122 0.150248 0.0365813 -0.0472543 0.168237 0.0155425 -0.0287256 0.214636 -0.0113476 -0.0138199 0.219244 -0.0426707 -0.000191825 0.214936 
85.7654 0.037747 -0.0411771 0.150187 0.0366169 -0.0473694 0.168454 0.0151852 -0.0308165 0.212927 -0.0111027 -0.0159177 0.218332 -0.0430467 -0.00292387 0.214428 
85.9656 0.0379472 -0.0414561 0.150061 0.0366485 -0.047162 0.168758 0.0148015 -0.0314698 0.212287 -0.0111098 -0.0171616 0.217646 -0.0438548 -0.00421294 0.214039 
86.1662 0.0381067 -0.0425629 0.149652 0.0366978 -0.0479722 0.168843 0.0147483 -0.0327218 0.212142 -0.0112017 -0.0186447 0.217526 -0.044088 -0.00298959 0.214418 
86.3664 0.0376127 -0.0444468 0.14894 0.0366907 -0.049264 0.168544 0.014723 -0.0338024 0.212291 -0.0113101 -0.0188384 0.218146 -0.0441203 -0.00600685 0.213957 
86.5666 0.0383405 -0.0456048 0.148353 0.0365554 -0.0486972 0.168808 0.016829 -0.0329985 0.212318 -0.0111 -0.0180382 0.218246 -0.0415671 -0.0104185 0.212605 
86.7667 0.0410185 -0.0430166 0.14952 0.0374179 -0.0518522 0.178156 0.0204753 -0.0274923 0.219057 -0.00708722 -0.00999698 0.222964 -0.0393738 -0.00169028 0.215541 
86.967 0.0456207 -0.045658 0.148038 0.0385815 -0.0673507 0.185174 0.0257121 -0.0349488 0.222372 -0.00206524 -0.0145244 0.223597 -0.0354601 -0.00585804 0.215492 
87.1673 0.0446367 -0.0479843 0.147183 0.0385687 -0.0701115 0.183233 0.0261856 -0.0380569 0.221732 -0.00157082 -0.0153957 0.223334 -0.0351459 -0.0082336 0.215273 
87.3675 0.0430245 -0.049357 0.146799 0.0383985 -0.0704023 0.181443 0.0254508 -0.0380387 0.221856 -0.00157042 -0.0142701 0.223382 -0.0351184 -0.00770318 0.215283 
87.5678 0.0427961 -0.0491054 0.146974 0.0383734 -0.0706843 0.178076 0.0254187 -0.0364735 0.222508 -0.00164656 -0.013951 0.223416 -0.0348592 -0.00659302 0.215247 
87.7682 0.0426653 -0.0485468 0.147276 0.0389983 -0.0706882 0.177014 0.0254334 -0.036325 0.222636 -0.00163797 -0.0139162 0.223426 -0.0340386 -0.00561016 0.215195 
87.9684 0.0422631 -0.0474629 0.147802 0.0408505 -0.0670999 0.182382 0.0250495 -0.0378819 0.221419 -0.00178542 -0.0153303 0.223672 -0.0338529 -0.00538725 0.215557 
88.1686 0.0401255 -0.0479291 0.147797 0.0402769 -0.063065 0.177203 0.0213442 -0.0404632 0.218252 -0.00625319 -0.0210359 0.222928 -0.0381881 -0.00972157 0.215945 
88.3688 0.0373842 -0.0464525 0.148336 0.0377539 -0.0539774 0.169943 0.0154237 -0.0382442 0.213597 -0.011345 -0.0210312 0.22 -0.0443128 -0.00949916 0.21482 
88.569 0.0369612 -0.045828 0.148541 0.0373899 -0.0524565 0.169529 0.0146648 -0.0364313 0.213429 -0.0121298 -0.0200118 0.219501 -0.0452149 -0.00760533 0.214694 
88.7694 0.036579 -0.045534 0.148659 0.0369709 -0.0527773 0.168068 0.0145711 -0.0365097 0.212946 -0.0121676 -0.0214621 0.218367 -0.0452182 -0.0070415 0.214677 
88.9697 0.034138 -0.0437814 0.149374 0.03692 -0.0503965 0.168742 0.0144287 -0.0347886 0.212724 -0.0121715 -0.0218831 0.216811 -0.0440199 -0.00447232 0.214827 
89.17 0.0350545 -0.0429119 0.150012 0.0369216 -0.0491096 0.16925 0.0167581 -0.0339227 0.212278 -0.00738339 -0.0184105 0.218145 -0.03898 -0.000629359 0.215678 
89.3702 0.042696 -0.0408867 0.150689 0.0375598 -0.0487814 0.175071 0.0221897 -0.0332963 0.212229 0.00225912 -0.0122655 0.220184 -0.0296433 0.00438303 0.216239 
89.5706 0.0438418 -0.0407121 0.150666 0.0372037 -0.048088 0.171995 0.0228126 -0.0332336 0.212128 0.0025782 -0.0128831 0.219673 -0.0304761 0.00448382 0.216242 
89.771 0.0426538 -0.0419025 0.150316 0.0370174 -0.047419 0.170509 0.0214235 -0.0331838 0.212268 -0.00244595 -0.0131428 0.219966 -0.0348031 0.00348837 0.216167 
89.9716 0.0381365 -0.0416633 0.150433 0.0374877 -0.0482735 0.174305 0.0165071 -0.0308052 0.214655 -0.00858482 -0.0115214 0.221461 -0.0400118 0.00513739 0.216044 
90.1719 0.0461287 -0.0425639 0.14928 0.0405125 -0.0445965 0.200241 0.0166228 -0.0189124 0.224909 -0.00966201 -0.00620687 0.224212 -0.0409385 0.00668224 0.216008 
90.3721 0.0568678 -0.0432666 0.14681 0.0422505 -0.0348656 0.216298 0.0185911 -0.00886356 0.228413 -0.0113952 -0.00532869 0.224854 -0.0409239 0.0045596 0.215691 
90.5724 0.0616121 -0.0423187 0.145683 0.0424698 -0.0290716 0.219899 0.0166874 -0.00911999 0.228552 -0.0134477 -0.00514634 0.22472 -0.0439582 0.00169188 0.215374 
90.7728 0.0652394 -0.0415193 0.14473 0.0419953 -0.0269657 0.221223 0.0145746 -0.01012 0.228526 -0.0150118 -0.00629991 0.224505 -0.0462009 -0.00150467 0.215064 
90.8231 0.0658615 -0.0412073 0.144614 0.0419797 -0.0266016 0.221385 0.0145045 -0.0102566 0.228517 -0.0156243 -0.00970541 0.224422 -0.0462722 -0.0016312 0.215046 
90.8733 0.0665606 -0.0406995 0.144535 0.0419756 -0.0263214 0.221506 0.0144506 -0.0104875 0.228509 -0.0161689 -0.011817 0.224253 -0.046307 -0.0018121 0.215041 
90.9234 0.0676395 -0.0397968 0.144456 0.0419777 -0.0256819 0.221719 0.0143822 -0.0116012 0.228476 -0.0169097 -0.0147146 0.223875 -0.0463984 -0.00287118 0.215084 
90.9737 0.0683689 -0.039182 0.144397 0.0419824 -0.0253313 0.221836 0.0143486 -0.0120473 0.228456 -0.0174425 -0.0167257 0.223511 -0.046456 -0.00360173 0.215108 
91.024 0.0691053 -0.038722 0.144279 0.0419846 -0.0250771 0.221916 0.0142787 -0.0156031 0.228154 -0.0178935 -0.0196939 0.222835 -0.046524 -0.00470482 0.21514 
91.0742 0.0698853 -0.0384274 0.144083 0.0418635 -0.0285307 0.220773 0.0138657 -0.0210261 0.22713 -0.0181367 -0.024618 0.221379 -0.0467805 -0.0120268 0.214991 
91.1243 0.0706426 -0.0369438 0.144284 0.0416274 -0.0311907 0.219349 0.0132995 -0.0280885 0.224673 -0.0183815 -0.0272818 0.219944 -0.0467779 -0.0159956 0.214457 
91.1745 0.0713522 -0.0338462 0.144979 0.0413671 -0.0305174 0.218071 0.0127609 -0.0299571 0.222046 -0.018609 -0.0270935 0.218393 -0.0455991 -0.0175539 0.213821 
91.2247 0.0720825 -0.0304375 0.145648 0.0410768 -0.0286522 0.216927 0.0122659 -0.0301834 0.218831 -0.0185588 -0.0260657 0.216535 -0.0436532 -0.0174111 0.213087 
91.2749 0.0728635 -0.0276351 0.146022 0.0407392 -0.0281881 0.214819 0.0118165 -0.0308733 0.215552 -0.0183305 -0.0257187 0.214116 -0.0422956 -0.0178446 0.211782 
91.325 0.073532 -0.0251567 0.14629 0.0405871 -0.0268255 0.213497 0.0114421 -0.0319972 0.210613 -0.0180634 -0.0250571 0.211988 -0.0411305 -0.0176963 0.21057 
91.3752 0.0738828 -0.023464 0.146491 0.0406177 -0.0248312 0.213226 0.0112509 -0.0295559 0.210638 -0.0178347 -0.0229024 0.211864 -0.0406182 -0.015602 0.210502 
91.4257 0.0740245 -0.0227759 0.146567 0.0406499 -0.0239339 0.213171 0.0111735 -0.0285663 0.210634 -0.017517 -0.0220495 0.211802 -0.0404373 -0.0145435 0.210506 
91.4762 0.0740894 -0.0224242 0.146608 0.0406695 -0.0234986 0.213119 0.0111348 -0.0280854 0.210598 -0.0172947 -0.0215717 0.211801 -0.0403409 -0.0140268 0.210471 
91.5264 0.0741043 -0.0224481 0.146597 0.0406769 -0.0235267 0.213108 0.011121 -0.0281067 0.210589 -0.0172456 -0.0216166 0.211784 -0.0403295 -0.0140813 0.210439 
91.5766 0.0740996 -0.0224741 0.146591 0.0406811 -0.0235602 0.213101 0.0111122 -0.028153 0.210569 -0.0172194 -0.021674 0.211767 -0.0403255 -0.014046 0.210451 
91.6268 0.0740856 -0.0224665 0.146595 0.0406922 -0.0235532 0.213105 0.011112 -0.0281715 0.210567 -0.0172106 -0.021703 0.211761 -0.0403205 -0.0139909 0.210473 
91.677 0.0740535 -0.0224889 0.146598 0.0406998 -0.0234768 0.213136 0.0111118 -0.0281708 0.210568 -0.0172002 -0.021704 0.211762 -0.040321 -0.0139921 0.210459 
91.7272 0.0740282 -0.0225042 0.146602 0.0407108 -0.0234016 0.213167 0.0111145 -0.0281501 0.210585 -0.0171884 -0.021698 0.211766 -0.0403186 -0.0139487 0.210469 
91.7773 0.0740112 -0.0224635 0.146613 0.0407141 -0.0232863 0.2132 0.0111122 -0.0280952 0.210569 -0.0171818 -0.0216235 0.211784 -0.040322 -0.0138475 0.210482 
91.8275 0.0740191 -0.0224907 0.146605 0.0407179 -0.0233631 0.21317 0.0111121 -0.0280827 0.210621 -0.0171773 -0.0217213 0.211746 -0.0403269 -0.0139061 0.21047 
91.8776 0.0740121 -0.0224964 0.146606 0.0407222 -0.0233289 0.213182 0.0111099 -0.0280345 0.210638 -0.0171786 -0.0216769 0.211779 -0.0403315 -0.0138307 0.210494 
91.9277 0.0740075 -0.0224821 0.14661 0.0407294 -0.02331 0.213182 0.0111107 -0.0279733 0.210664 -0.0171695 -0.0216995 0.21175 -0.040333 -0.0137921 0.210501 
91.9779 0.0740135 -0.0224772 0.14661 0.0407224 -0.0232876 0.213186 0.0111119 -0.0279206 0.210685 -0.0171684 -0.0216472 0.211783 -0.0403304 -0.0137964 0.210486 
92.0281 0.0740028 -0.0225007 0.146609 0.0407268 -0.0233063 0.213187 0.0111071 -0.0279508 0.210657 -0.0171712 -0.0216747 0.21178 -0.0403265 -0.0138071 0.210489 
92.0783 0.0739985 -0.0225082 0.146609 0.0407212 -0.0233342 0.213184 0.0111059 -0.0279616 0.210667 -0.017172 -0.0217407 0.211744 -0.0403253 -0.0138298 0.210488 
92.1284 0.0740072 -0.022506 0.146606 0.0407241 -0.0233421 0.213187 0.0111046 -0.0279724 0.21066 -0.017171 -0.0217538 0.211743 -0.0403269 -0.0138197 0.210497 
92.1785 0.0740126 -0.0225053 0.146605 0.0407267 -0.0233494 0.213188 0.0111059 -0.0279767 0.210663 -0.0171671 -0.0217389 0.211766 -0.0403263 -0.0138849 0.210467 
92.2287 0.0740023 -0.0224779 0.146614 0.0407229 -0.0233005 0.213189 0.0111037 -0.0278782 0.210717 -0.0171654 -0.0217164 0.211747 -0.0403274 -0.013816 0.210479 
92.2788 0.0740029 -0.0224727 0.146615 0.0407258 -0.0232957 0.213195 0.0111053 -0.0278721 0.21072 -0.0171573 -0.021722 0.211741 -0.0403219 -0.0138299 0.210473 
92.3289 0.0740081 -0.0224823 0.146612 0.0407252 -0.0232803 0.213197 0.0111042 -0.0278925 0.210682 -0.0171604 -0.0216969 0.211752 -0.0403193 -0.0138541 0.210454 
92.3791 0.0740041 -0.022467 0.146616 0.0407283 -0.0232516 0.213196 0.011104 -0.0278547 0.21069 -0.0171593 -0.0216751 0.211747 -0.0403231 -0.0137593 0.210486 
92.4292 0.0740009 -0.022453 0.146619 0.0407247 -0.0232088 0.213207 0.0111013 -0.0277836 0.210737 -0.017168 -0.0215951 0.21179 -0.040316 -0.0137876 0.210459 
92.4794 0.0740009 -0.022453 0.146619 0.0407247 -0.0232088 0.213207 0.0111013 -0.0277836 0.210737 -0.017168 -0.0215951 0.21179 -0.040316 -0.0137876 0.210459 
