90.42
108.13
66.04
101.28
51.56
56.08
78.84
54.31
71.23
54.63
47.3
71.82
61.97
62.12
54.09
52.74
76.15
78.3
65.64
72.92
56.6
40.41
57.17
47.86
26.72
28.1
15.47
17.1
20.06
15.47
28.9
25.0
27.61
28.49
52.07
49.84
52.43
73.67
67.62
66.37
81.09
64.39
96.35
59.47
58.2
69.78
85.42
54.24
69.22
47.32
58.02
68.52
62.06
27.59
78.76
61.52
40.79
29.1
46.79
42.26
57.39
28.19
27.71
93.05
50.78
48.0
58.62
88.35
49.6
108.4
52.77
61.96
85.04
60.34
68.79
64.79
45.9
73.27
55.54
56.95
55.79
47.77
75.61
83.64
76.32
74.49
55.69
40.58
57.51
45.79
28.87
27.34
17.13
16.12
22.07
16.18
29.52
23.43
29.21
29.49
53.82
54.67
55.28
70.11
71.06
63.58
80.39
54.99
95.67
52.08
67.45
59.6
91.98
43.77
65.37
46.21
54.38
71.02
62.8
27.51
78.47
42.54
60.62
26.47
47.52
42.51
55.71
26.16
28.54
86.99
56.58
50.49
57.54
97.15
64.02
85.52
50.95
62.7
80.25
53.44
74.96
55.08
48.93
68.49
67.52
59.3
60.12
44.39
70.99
91.7
63.05
68.99
62.65
38.88
65.05
45.72
27.04
28.82
15.21
17.82
19.78
16.94
28.45
23.62
27.95
27.21
52.68
49.17
52.79
70.79
71.58
66.79
75.25
68.32
87.58
53.12
48.14
70.63
86.75
52.63
68.33
47.72
54.37
74.93
40.54
103.98
40.54
59.36
29.12
48.6
46.46
57.27
27.63
27.38
89.86
41.97
49.47
63.43
79.56
64.24
102.94
60.29
53.36
79.83
55.56
74.39
54.44
49.34
74.8
59.03
59.05
52.1
50.28
71.73
84.36
83.37
65.37
59.02
40.6
61.58
31.36
26.98
28.22
15.14
18.94
20.17
17.32
27.31
25.74
26.8
28.7
52.57
52.43
50.19
74.45
62.64
74.49
77.11
48.94
141.08
54.59
67.72
63.74
86.21
43.7
68.27
45.85
58.5
71.27
60.79
99.88
42.25
57.47
28.57
48.33
44.07
55.82
29.44
26.18
90.11
52.14
48.88
56.65
86.87
61.27
106.53
52.37
64.64
83.3
45.88
72.93
57.36
49.03
70.16
59.31
59.43
59.77
48.52
77.83
78.97
85.5
63.49
51.02
40.35
61.34
46.58
26.56
28.49
15.67
17.06
19.45
15.25
28.8
24.9
27.15
28.47
54.78
52.77
48.71
72.0
61.31
70.25
80.5
48.08
96.83
59.74
69.03
59.6
92.75
44.01
68.44
49.86
51.67
70.45
69.2
94.53
42.79
64.8
33.78
54.6
51.01
61.79
17.3
28.72
90.49
40.23
48.99
63.3
90.35
48.58
98.75
51.47
68.26
77.6
65.37
69.13
53.98
50.49
73.52
61.33
57.33
53.87
51.47
72.19
102.37
62.06
70.48
58.64
41.24
61.15
49.32
28.66
28.09
16.54
15.52
21.84
17.03
29.07
23.75
28.66
28.37
52.3
49.32
52.59
73.56
61.83
72.84
75.89
47.69
95.67
53.07
70.6
61.74
92.99
42.67
67.49
48.88
53.32
68.55
66.91
93.44
42.1
54.16
28.73
48.83
44.07
55.31
26.78
28.42
91.54
40.98
48.14
63.23
84.37
59.25
106.91
51.35
64.22
79.79
45.71
71.78
65.25
47.61
71.87
60.26
63.65
51.01
52.11
77.11
80.3
61.93
74.58
61.33
40.85
61.82
46.3
26.33
28.67
15.68
17.37
20.33
17.91
27.54
23.36
28.93
27.87
50.59
52.62
50.43
75.16
58.6
72.93
75.65
58.25
99.5
63.3
48.45
68.95
85.7
53.7
69.63
48.1
57.29
71.58
59.76
94.96
50.27
58.48
27.82
58.04
43.64
54.94
28.82
26.2
90.12
50.41
48.42
62.38
80.66
59.2
105.42
55.33
57.41
78.43
55.17
72.2
56.03
47.95
71.09
61.85
57.95
56.11
52.98
77.63
78.77
63.91
69.11
60.17
40.49
59.96
44.55
28.3
26.59
15.85
15.08
19.67
17.69
28.19
23.88
27.87
27.87
51.17
48.19
51.33
75.22
60.74
73.7
75.21
55.98
97.33
54.17
65.25
62.81
93.12
53.59
71.66
47.87
55.98
69.44
46.21
107.56
48.63
53.99
27.7
47.26
44.46
55.62
28.81
26.41
90.91
41.86
47.94
64.6
91.17
50.44
104.47
50.84
63.39
72.96
67.92
67.63
60.04
47.27
72.57
60.63
51.62
55.51
52.99
69.31
91.09
73.85
61.94
64.16
35.42
63.33
47.11
26.94
28.72
15.5
18.92
19.62
15.2
27.93
23.57
28.76
28.47
53.68
52.08
50.89
74.83
49.86
75.77
77.35
47.63
95.14
51.23
67.72
62.98
84.12
42.86
68.45
49.2
53.53
71.2
50.01
106.01
39.33
55.98
29.75
50.9
45.31
57.39
30.02
29.61
91.07
57.11
51.05
59.56
92.26
59.18
110.35
50.44
66.85
77.83
64.26
70.33
69.78
48.71
75.85
63.85
61.41
57.06
58.49
77.83
78.52
62.11
77.48
62.25
42.39
63.89
49.56
31.27
30.63
18.11
16.75
21.23
19.75
40.42
26.83
28.76
32.47
55.73
57.18
57.08
76.45
71.34
68.95
78.11
72.14
90.69
54.13
58.83
70.59
87.69
54.62
73.51
43.55
60.86
73.42
72.96
96.38
43.38
63.3
31.16
51.93
46.76
60.54
30.1
30.12
92.51
51.2
51.95
64.07
84.55
46.1
106.87
49.48
63.68
85.11
61.56
78.65
58.38
29.99
74.83
61.34
65.3
59.06
54.51
69.14
89.01
73.84
61.2
67.74
41.75
70.32
46.94
29.51
28.0
16.04
18.23
20.84
18.1
29.28
25.96
30.99
27.78
53.75
51.6
53.64
76.87
59.78
61.01
87.72
63.59
102.74
51.27
66.41
63.17
86.19
58.32
65.38
50.56
58.96
75.22
64.08
28.84
103.2
40.31
57.07
29.55
50.13
46.76
57.83
28.19
31.23
95.3
39.99
52.97
63.08
90.64
56.77
107.56
48.78
71.26
75.59
66.73
70.57
41.5
50.81
72.02
61.01
63.9
62.97
51.1
75.34
66.3
82.87
68.16
60.25
35.59
67.23
51.07
28.77
30.79
17.24
19.5
20.82
16.92
30.46
24.43
28.21
31.29
53.87
53.96
55.15
78.07
60.16
77.16
80.11
60.26
100.04
53.68
65.38
65.76
67.66
60.87
64.99
50.59
55.03
74.34
69.08
76.74
41.22
37.7
29.61
50.24
45.35
61.98
28.74
30.08
94.77
51.66
63.36
62.71
92.44
58.89
109.94
50.16
65.67
79.99
68.85
69.47
58.91
50.75
78.32
58.03
51.41
61.81
55.88
74.06
92.75
71.6
61.98
68.66
43.77
65.02
51.48
29.74
28.93
17.08
19.43
20.53
17.29
29.93
24.92
29.57
30.05
54.89
55.05
54.22
82.55
66.54
72.21
83.8
63.36
105.8
51.43
66.05
66.94
87.58
55.98
71.32
47.91
60.82
74.71
44.84
28.34
72.63
62.44
51.52
30.4
51.07
46.57
60.22
29.74
30.35
95.49
39.99
50.35
65.09
85.16
59.0
101.94
48.45
68.29
76.97
70.07
72.68
54.49
51.35
74.71
62.02
62.5
57.17
54.98
79.06
64.91
77.31
73.6
59.15
36.15
57.31
47.75
27.24
28.43
17.46
15.47
19.8
17.53
27.05
25.62
29.13
29.75
54.13
53.78
53.19
71.7
63.28
74.03
77.98
68.92
91.99
54.23
57.74
66.3
81.39
56.84
68.44
63.31
57.64
68.73
60.39
28.01
84.78
56.21
61.18
27.86
48.12
44.33
56.05
26.32
29.25
90.26
51.41
47.82
61.86
85.35
48.48
104.41
61.56
63.57
70.77
65.2
68.05
53.44
48.85
72.61
64.75
54.93
56.43
54.83
67.69
81.03
81.19
53.93
62.07
40.38
63.46
45.58
29.83
28.07
15.79
18.06
19.72
15.83
28.32
23.95
29.23
27.11
53.38
49.91
52.71
71.58
61.15
62.32
83.56
48.63
95.91
53.07
67.74
64.23
92.01
51.07
59.18
50.24
58.19
68.63
45.48
101.81
47.71
61.41
26.92
48.35
43.88
52.46
28.94
27.14
91.3
41.79
48.33
60.66
86.56
58.77
84.69
52.89
68.4
73.35
67.82
54.08
64.36
46.93
69.03
59.22
61.54
56.38
49.66
74.35
78.96
79.98
60.35
61.44
36.96
62.29
47.99
27.09
27.35
17.94
16.29
21.85
16.17
27.68
25.23
26.58
27.77
51.84
52.52
50.07
75.57
65.36
66.34
85.23
62.61
88.1
53.26
66.49
63.45
89.37
53.14
63.55
49.37
61.22
71.49
48.6
102.53
41.33
60.03
29.56
48.09
44.51
56.36
26.83
28.78
90.98
51.6
48.36
66.34
84.25
49.8
107.91
51.52
64.81
78.9
63.74
68.74
47.59
60.4
72.96
58.45
61.83
52.9
52.82
71.94
91.34
64.59
63.63
67.27
39.3
59.92
48.09
28.93
28.5
15.82
16.98
22.87
15.44
28.65
23.98
27.31
28.13
50.97
50.16
52.6
72.85
50.06
69.61
81.91
48.65
87.69
53.18
80.01
72.8
99.02
43.36
74.45
49.78
57.14
74.62
67.6
92.82
43.46
57.16
26.83
48.06
44.59
57.44
26.43
29.83
102.47
41.08
47.8
59.33
87.81
60.91
98.87
59.84
62.72
77.07
62.41
65.95
59.67
44.67
73.17
65.22
59.25
58.13
47.47
74.97
78.04
81.16
65.94
60.69
39.67
63.35
46.91
26.75
28.59
17.78
16.15
20.78
16.11
27.14
25.5
28.36
26.81
53.36
52.46
50.69
73.58
67.57
68.85
67.76
65.77
95.3
52.53
59.9
67.57
89.07
43.51
68.82
51.04
52.89
70.79
65.4
96.59
43.14
58.1
26.73
46.29
43.68
54.7
28.34
26.88
88.36
51.26
49.83
61.54
78.32
67.59
102.2
59.35
56.91
79.09
57.03
72.38
54.5
48.76
73.88
60.12
57.19
54.1
53.86
71.14
86.39
77.76
54.85
66.03
40.05
63.93
47.48
29.89
26.67
15.71
15.84
20.34
17.12
26.71
25.46
27.25
29.07
51.92
50.64
65.0
71.2
71.84
71.25
76.48
47.81
93.45
52.37
68.01
56.14
89.52
52.05
59.83
49.07
56.31
71.33
61.21
97.73
54.25
51.27
28.39
49.06
44.39
54.79
28.43
26.6
86.57
52.11
49.35
56.73
89.42
56.45
107.24
50.09
64.19
82.89
56.27
69.64
55.3
52.06
68.14
62.23
61.95
57.04
48.27
77.44
85.77
76.49
72.85
58.14
41.83
62.05
40.86
29.5
30.8
16.98
15.75
20.31
18.87
27.05
25.6
28.83
26.48
53.29
52.16
54.55
68.58
62.72
71.97
76.96
66.2
94.04
52.91
64.47
61.71
77.59
61.18
59.49
49.45
57.01
72.93
45.83
104.0
50.78
58.87
26.83
47.79
43.51
56.07
26.55
28.79
92.39
50.74
46.67
61.95
88.83
59.96
105.8
51.81
63.04
78.28
46.62
73.6
58.09
49.12
71.36
60.19
60.1
50.77
65.55
74.61
84.68
82.1
54.16
67.13
39.65
61.82
47.13
27.77
26.55
15.65
18.1
19.74
18.0
26.45
23.38
29.42
29.33
52.85
52.68
51.74
71.96
71.58
63.07
85.67
48.4
96.41
53.11
68.7
65.96
72.46
65.24
63.41
47.98
53.77
70.3
64.28
89.2
48.22
56.36
28.57
48.92
46.45
56.45
28.81
28.19
90.77
51.21
48.48
57.24
86.93
58.66
106.33
50.99
46.75
81.21
60.04
72.31
56.2
51.39
66.41
60.72
61.32
59.83
51.24
75.87
79.64
82.1
68.48
58.43
40.58
65.22
48.37
26.82
29.39
15.64
17.32
21.91
15.75
28.28
25.2
27.45
28.34
51.94
54.57
53.15
72.55
62.37
54.59
77.18
68.35
96.41
55.2
68.21
67.46
70.98
54.12
71.32
46.0
55.61
71.18
49.87
103.64
38.84
58.88
27.71
50.42
43.47
59.69
26.56
28.9
90.4
41.09
52.03
62.86
85.12
57.63
106.72
50.54
65.28
75.3
63.23
72.0
61.78
41.9
69.68
69.0
58.87
60.49
50.87
53.69
71.35
81.95
67.81
57.74
41.28
61.66
46.55
18.02
27.1
18.09
15.54
19.7
17.68
28.69
22.96
28.21
27.97
52.59
48.58
51.8
71.03
65.02
69.05
84.95
48.65
98.43
65.46
72.47
64.32
92.73
43.73
66.43
48.63
53.6
71.47
70.14
95.56
47.67
55.99
29.08
47.76
44.31
56.63
28.77
29.9
90.07
40.67
49.57
57.4
90.07
48.15
108.04
50.55
65.78
76.01
64.62
70.97
57.65
47.32
67.87
60.11
41.26
58.73
54.84
73.19
69.93
62.11
69.84
61.43
39.66
60.4
42.4
28.5
26.69
16.03
17.47
19.87
16.21
29.02
23.29
38.68
27.19
53.3
51.37
52.88
76.31
60.73
61.75
83.62
59.92
95.58
57.2
70.62
65.85
89.65
56.25
72.02
53.12
57.58
74.01
62.08
28.6
95.6
41.38
59.17
30.16
49.39
44.8
56.95
30.11
28.41
96.45
48.41
47.82
67.98
89.7
62.57
83.99
62.47
71.2
80.39
71.03
67.92
42.38
34.39
53.65
47.99
64.44
55.76
53.19
76.39
83.34
71.62
63.63
68.64
39.04
66.11
48.82
29.66
27.2
17.94
19.13
20.54
18.47
29.39
23.9
29.24
27.7
55.47
55.61
55.45
69.94
72.61
67.45
75.62
47.3
95.15
50.09
70.24
65.49
94.87
40.84
70.57
32.28
37.22
49.33
50.62
29.21
74.37
42.19
41.5
18.46
34.8
29.86
38.51
21.55
19.68
67.4
37.67
31.45
40.09
70.16
45.9
84.27
49.03
45.35
58.22
48.6
55.33
45.61
32.25
63.66
45.5
42.79
42.17
36.52
55.48
69.35
62.19
53.87
45.06
27.05
43.08
34.89
20.06
20.12
12.74
11.16
11.61
11.57
21.24
16.11
19.59
19.96
30.54
34.19
34.35
54.95
48.29
56.47
65.17
49.05
77.74
54.02
49.48
53.5
74.02
63.35
63.85
52.17
59.25
72.04
63.58
27.02
87.55
52.38
60.87
32.73
50.63
45.05
57.26
29.1
27.99
103.23
57.67
45.68
64.05
91.65
62.12
110.78
49.4
68.61
79.04
65.16
69.04
60.6
50.51
74.33
62.26
63.77
54.74
57.48
75.92
86.75
73.57
52.07
68.17
42.69
65.51
50.42
29.0
28.97
16.85
16.9
22.38
18.13
28.64
26.92
28.97
30.36
55.57
52.51
53.67
77.2
60.85
71.01
83.18
62.34
101.42
51.61
66.26
65.02
88.08
52.7
71.75
47.45
61.58
91.82
67.52
104.24
42.14
62.99
27.81
53.59
47.29
62.46
19.17
31.18
93.39
40.22
55.23
68.75
89.41
65.68
111.51
51.92
74.1
78.78
46.2
77.32
68.9
53.17
77.58
64.21
60.25
63.82
54.56
79.36
75.78
61.87
80.19
57.13
45.87
68.11
50.9
31.44
31.87
19.19
17.46
21.45
19.21
27.92
26.64
30.14
28.18
54.87
53.49
55.4
77.49
62.69
61.28
86.38
59.47
105.32
52.52
66.71
67.59
92.82
40.38
67.66
50.54
58.4
73.86
61.46
101.99
42.34
59.85
28.68
49.5
45.62
57.62
29.15
27.8
93.82
41.05
51.99
66.53
91.68
59.33
110.81
51.52
68.58
79.18
64.3
51.48
54.03
56.63
75.34
68.04
58.93
61.28
55.06
77.58
67.23
84.87
65.09
61.41
42.02
63.23
50.76
29.86
28.95
18.11
17.09
21.89
16.14
30.33
24.65
30.38
29.87
55.28
52.45
55.89
69.56
55.3
63.75
88.29
61.17
102.62
51.7
69.2
67.64
86.99
53.96
71.16
48.89
62.2
76.4
61.53
101.65
59.41
45.33
30.24
50.23
45.79
57.27
29.92
27.69
92.99
54.76
52.2
68.64
90.57
59.65
110.08
49.88
67.72
78.98
69.24
71.1
55.09
51.01
75.82
43.6
65.19
61.82
32.94
51.46
67.91
85.83
71.57
60.67
42.85
68.09
48.08
28.8
30.71
17.3
17.03
21.44
17.24
28.68
26.86
30.94
29.94
56.37
56.47
56.61
72.59
72.85
53.48
90.54
51.16
102.03
53.09
46.94
70.97
93.74
42.45
70.67
45.77
64.43
76.64
54.23
103.59
54.5
61.96
30.55
50.71
45.15
60.52
29.61
31.1
93.41
53.67
46.14
64.7
107.64
60.78
81.62
62.92
67.91
78.62
67.63
70.92
59.29
53.92
73.65
63.72
63.69
57.65
56.55
70.53
94.36
62.25
75.53
58.54
42.45
68.95
49.11
29.51
28.75
16.5
17.85
20.59
17.19
27.95
26.1
28.41
28.79
53.99
54.8
55.15
71.48
61.8
76.9
77.57
66.29
93.87
61.75
47.44
68.72
92.8
42.81
71.37
49.33
59.01
75.28
68.7
104.72
56.11
61.11
30.22
61.17
45.44
58.72
29.26
28.7
92.19
51.04
51.66
65.19
88.29
60.52
113.46
50.43
66.16
86.09
58.64
78.45
43.12
51.0
76.39
61.15
63.27
62.23
56.54
71.68
93.46
74.98
63.22
69.86
42.73
65.01
48.88
29.99
29.74
16.79
19.29
21.37
17.56
29.83
25.08
30.83
28.46
54.49
56.26
56.99
72.81
70.88
71.32
76.84
49.52
101.21
65.56
60.43
72.65
90.06
42.66
70.09
47.98
61.03
73.86
64.45
101.49
42.4
59.84
28.13
52.63
45.28
59.94
28.22
30.31
93.76
42.83
50.97
70.4
65.81
71.74
103.91
50.88
68.0
79.62
70.77
73.81
53.84
53.69
75.72
64.05
65.59
62.23
55.42
73.23
92.9
64.4
71.04
63.19
42.51
65.65
50.78
29.83
31.87
17.01
18.7
20.79
16.9
31.28
24.31
31.62
31.44
57.99
58.09
61.21
72.61
63.34
84.04
91.6
49.63
103.1
65.12
66.26
68.24
100.1
44.08
75.11
54.83
55.86
75.39
71.52
93.64
42.94
60.66
30.95
53.99
46.74
59.55
28.51
32.06
95.5
40.46
52.08
67.84
88.95
59.86
106.16
51.14
59.21
84.61
63.65
77.95
42.87
52.35
74.78
53.29
65.54
61.67
57.09
71.87
85.09
86.07
54.45
68.35
42.54
64.52
50.83
28.55
30.27
18.8
18.8
17.3
18.12
28.87
25.96
30.04
28.7
56.76
56.3
53.58
77.06
64.65
78.73
80.06
46.94
102.13
62.58
47.19
67.48
95.53
42.99
70.46
51.37
55.7
71.9
74.04
76.45
42.57
59.39
19.26
52.05
46.21
62.06
29.74
28.8
93.1
40.16
51.76
67.62
88.7
59.26
112.77
50.85
64.15
86.19
45.97
76.46
68.4
51.91
68.44
72.17
58.7
63.68
54.89
77.28
80.23
72.73
78.64
62.02
43.71
65.55
51.88
27.97
29.75
16.36
16.62
22.4
18.37
30.06
24.71
29.37
28.54
57.14
57.35
55.36
73.38
63.21
78.64
74.69
74.82
95.15
51.01
72.83
65.72
87.78
51.36
72.83
48.08
57.12
74.34
29.93
106.92
39.61
60.96
29.63
50.36
45.81
59.66
28.99
30.4
95.56
45.55
52.76
64.43
87.34
58.72
109.48
50.13
65.97
78.84
68.58
72.28
58.85
52.11
73.92
62.05
66.09
55.99
54.99
72.54
77.92
80.81
62.82
69.78
37.88
65.57
49.19
30.33
29.62
16.7
17.38
23.12
18.95
29.88
24.72
29.92
30.52
55.25
58.75
51.46
77.11
50.34
78.36
76.53
70.79
97.28
52.97
70.98
67.12
94.12
42.31
67.93
51.87
55.81
77.42
71.66
93.88
41.6
59.85
29.96
50.75
46.53
57.82
30.68
28.67
70.59
53.28
50.93
68.91
90.7
59.6
109.12
51.82
67.92
78.17
69.76
70.26
56.24
51.91
78.0
59.75
53.36
65.74
51.81
79.67
83.67
73.73
78.03
56.89
41.88
64.71
50.35
30.33
30.29
16.9
19.07
24.1
16.64
30.88
26.78
30.46
27.92
56.96
56.32
55.22
76.96
48.92
77.91
80.99
73.89
95.2
55.12
72.55
59.0
82.36
56.48
73.86
50.17
61.64
77.64
62.73
27.96
85.41
52.12
62.07
28.49
50.1
46.28
58.13
29.58
32.95
94.53
52.08
52.42
68.87
85.89
59.21
107.68
49.31
64.12
84.63
62.27
52.1
69.64
47.42
74.88
44.67
63.46
62.71
51.38
78.62
86.81
74.72
63.56
67.53
42.28
65.47
50.61
30.7
30.04
17.03
19.01
22.71
16.79
29.44
26.48
27.6
30.21
55.03
68.81
56.11
81.86
69.44
52.85
92.48
57.83
95.45
52.55
74.64
67.47
94.92
43.14
71.21
52.3
59.28
81.43
65.51
26.73
81.85
42.43
60.87
28.99
50.47
45.2
60.19
27.84
28.97
91.53
55.34
54.43
69.01
90.51
61.1
110.3
51.7
70.29
81.46
61.89
76.18
56.41
51.0
74.96
61.39
51.28
64.57
56.08
71.47
93.95
74.3
54.44
71.64
42.76
66.14
53.14
30.12
28.86
19.58
16.47
20.6
17.86
29.32
24.58
30.88
28.97
55.77
55.2
54.47
73.97
67.69
78.11
82.57
62.92
107.13
52.03
66.7
67.13
90.4
50.82
72.25
43.11
59.51
72.42
64.3
95.18
47.8
63.46
28.43
49.67
44.46
58.35
32.21
28.91
93.38
40.72
52.78
67.13
90.69
59.83
104.52
62.57
45.43
85.8
58.36
76.77
77.38
53.16
70.72
68.31
62.18
59.76
51.56
76.54
79.34
85.37
54.02
62.7
42.5
64.63
51.03
30.17
28.29
16.86
20.07
21.4
18.98
31.37
26.37
29.91
29.0
56.6
54.23
50.68
75.34
59.91
75.05
79.69
59.09
96.2
53.24
73.13
67.1
88.07
55.7
70.21
50.47
59.81
73.8
66.31
103.07
41.71
56.51
29.88
52.6
58.86
57.63
31.11
30.77
93.67
39.98
50.42
65.39
86.71
62.29
108.06
49.89
67.43
85.63
58.53
61.45
67.75
49.81
78.66
62.62
64.16
53.28
56.02
78.65
84.89
78.44
62.03
70.42
42.69
65.7
50.65
31.21
30.81
17.71
16.13
22.79
17.92
28.29
26.4
29.15
30.78
55.44
57.86
54.04
73.72
62.21
76.6
78.81
67.81
92.91
52.28
72.09
68.58
91.96
55.43
71.8
49.46
58.42
73.01
60.96
101.93
55.28
50.23
29.56
50.28
48.27
58.76
29.66
30.36
91.81
51.0
47.9
71.25
86.54
61.47
104.6
61.19
53.57
86.75
65.36
71.44
67.76
49.42
78.39
46.87
62.98
60.79
49.14
80.23
87.09
80.17
54.95
68.22
43.32
63.87
50.01
27.88
28.76
16.43
17.36
20.74
16.39
28.95
23.92
30.18
28.98
64.11
54.26
53.64
73.91
74.1
69.69
75.68
72.54
89.75
59.29
50.02
71.62
88.28
52.64
71.65
47.52
60.37
77.94
68.23
94.44
42.88
61.49
28.51
50.29
45.32
60.13
29.78
34.7
93.42
40.44
51.06
69.25
88.15
59.16
115.84
49.53
63.64
85.45
46.13
75.51
57.84
55.1
67.89
72.86
40.27
60.42
50.45
75.76
83.5
75.1
76.09
56.53
43.46
66.57
47.23
30.51
29.03
16.84
18.35
20.5
17.97
28.4
26.52
29.77
28.03
53.58
55.34
55.84
73.72
74.15
69.01
77.24
44.73
95.52
50.62
67.76
64.87
93.46
42.63
70.59
47.16
54.03
69.65
62.74
96.37
42.25
56.27
29.11
49.41
43.63
56.27
27.66
28.75
87.6
50.22
49.25
59.79
85.74
57.1
103.97
51.39
62.61
79.84
57.73
69.96
65.49
50.04
74.34
58.9
64.8
56.8
66.06
73.59
77.37
79.95
52.12
63.22
36.56
63.43
47.21
28.51
26.5
18.19
16.17
19.69
18.86
28.83
23.53
28.7
28.27
49.34
52.25
48.89
74.17
67.65
66.64
89.63
49.29
98.83
62.26
48.38
69.56
86.64
53.61
67.3
44.31
58.22
71.77
49.8
101.04
51.26
54.33
28.75
46.53
43.27
52.7
28.13
26.87
89.83
50.97
45.28
59.76
90.18
58.71
105.25
63.18
65.7
76.01
56.15
74.42
57.49
51.23
75.46
47.52
60.73
51.18
53.36
69.75
86.47
74.35
51.11
63.96
36.64
61.75
47.73
28.84
27.02
15.71
17.7
20.33
16.12
27.84
24.33
28.61
28.34
52.39
53.22
53.82
69.87
72.08
68.6
76.33
46.82
94.13
62.78
64.76
64.02
88.34
53.25
58.44
47.23
57.31
70.93
64.36
90.9
52.54
57.33
27.19
47.84
44.2
55.44
26.8
29.6
89.29
51.95
31.85
61.85
89.68
59.93
104.12
52.52
64.66
84.63
44.08
73.8
58.2
49.77
74.45
45.67
42.03
58.64
52.6
73.94
71.44
68.56
74.09
55.3
41.03
57.25
49.68
27.49
28.77
15.44
15.96
21.96
15.96
28.63
23.13
29.1
28.76
53.58
52.95
53.27
70.32
49.95
69.68
81.59
61.35
97.55
53.37
58.98
69.55
87.69
53.45
66.49
46.33
57.88
70.66
47.99
100.78
53.4
61.92
28.36
47.27
45.16
54.85
27.31
28.91
90.12
51.45
46.73
63.37
91.81
58.13
104.65
54.23
67.07
77.21
62.16
63.95
61.06
45.94
70.03
67.4
56.85
60.85
33.62
70.31
85.17
83.8
53.32
61.86
40.36
60.75
44.74
27.08
28.28
15.89
18.15
22.22
15.42
30.07
22.94
30.12
26.7
52.0
52.17
52.79
74.79
60.77
71.38
76.45
61.0
99.24
52.72
65.39
63.89
88.74
54.87
65.55
48.87
53.38
70.84
45.48
93.14
52.28
55.0
28.93
48.65
43.37
58.02
26.71
29.11
90.79
39.96
50.04
62.9
89.84
49.15
107.44
51.09
69.01
76.17
44.83
74.34
53.17
50.76
73.52
57.5
57.61
53.12
52.23
74.04
77.63
69.03
69.55
60.93
40.11
61.56
45.06
42.67
28.71
16.16
17.69
21.83
15.53
28.48
23.47
28.67
29.57
52.59
53.62
51.98
72.75
62.29
70.93
66.58
68.05
95.93
57.77
65.41
48.62
81.56
56.51
68.1
46.15
55.14
73.85
48.68
104.66
42.1
54.47
30.35
47.64
42.13
54.46
26.31
29.98
91.25
51.73
48.55
60.25
87.29
59.22
105.35
54.48
67.01
77.92
69.97
65.3
59.28
50.94
73.37
58.46
60.83
53.58
53.0
70.29
88.42
63.36
69.56
66.98
41.24
63.34
49.68
26.91
28.8
15.6
17.88
20.98
15.18
28.6
24.09
28.39
27.18
54.74
50.72
51.92
76.17
62.33
72.24
79.16
49.6
97.98
54.69
70.34
60.78
95.17
43.23
64.56
47.49
56.15
69.66
68.32
93.87
47.14
55.28
27.86
47.59
42.84
54.8
27.75
26.93
91.08
41.12
48.94
61.55
78.84
67.48
101.2
51.67
83.43
77.4
66.4
70.45
54.92
48.06
73.01
59.47
58.75
53.61
51.34
76.41
78.73
64.49
74.36
59.51
40.59
60.72
45.8
28.25
26.93
15.36
18.17
19.24
17.72
26.17
24.95
27.7
26.51
51.69
52.52
51.17
76.26
61.55
74.72
79.23
49.34
103.46
53.93
67.12
61.12
92.94
42.4
66.67
46.57
55.56
70.66
61.29
28.06
85.8
51.67
54.91
19.36
48.19
55.84
52.75
27.94
26.56
88.45
49.49
47.28
60.41
85.49
56.88
97.56
52.46
63.03
80.57
47.91
68.93
56.25
48.42
69.5
47.12
59.3
62.6
47.29
74.51
79.88
83.12
51.67
60.52
39.84
63.01
47.65
27.0
28.46
15.4
15.95
19.84
17.5
28.42
25.45
26.59
28.31
52.64
52.84
51.85
70.4
69.77
68.95
76.24
67.51
93.0
54.43
47.22
65.61
92.79
43.82
67.46
49.01
53.84
68.11
48.67
102.12
51.73
58.07
28.94
49.35
44.58
56.7
26.89
28.14
89.32
40.97
49.13
58.2
88.17
61.57
105.64
50.21
62.09
79.08
51.94
72.23
54.91
48.36
65.53
59.98
61.91
59.22
49.39
76.49
79.98
85.93
64.08
60.58
40.25
60.94
43.88
29.03
26.66
15.93
18.08
20.09
17.91
27.69
24.65
30.14
29.65
54.16
53.1
53.72
71.07
50.97
72.99
77.75
77.7
90.51
59.97
67.52
61.01
70.75
59.11
60.37
48.85
58.66
71.41
59.54
101.8
55.37
52.72
29.7
49.47
45.31
56.32
29.12
28.96
91.21
54.84
55.77
58.75
86.3
59.37
104.85
51.57
68.69
77.86
67.74
69.9
58.08
49.79
71.08
61.45
62.52
55.72
50.88
77.36
79.85
64.96
73.26
56.15
36.89
61.96
46.75
28.18
26.75
16.95
16.18
28.5
15.75
28.6
23.25
28.45
28.55
54.84
52.63
55.08
69.3
73.64
70.01
76.33
68.32
94.21
56.31
58.35
70.28
87.51
52.78
66.45
45.64
55.02
70.03
69.74
89.41
53.98
57.21
27.17
48.19
44.47
56.75
28.49
26.5
90.52
42.24
49.93
64.68
88.45
49.94
108.52
51.47
66.25
84.59
57.36
66.11
63.57
44.82
67.54
62.25
62.03
59.34
51.0
75.69
80.41
74.14
71.52
56.27
39.88
61.06
45.37
30.14
27.9
15.72
17.71
19.84
15.38
28.59
23.37
28.19
26.59
51.38
50.56
52.65
78.13
53.29
63.24
84.55
63.04
98.45
52.78
68.96
59.28
89.31
43.35
69.61
47.76
57.71
71.35
57.67
97.45
43.13
59.38
26.47
47.93
43.65
54.72
18.26
27.98
87.68
52.24
47.93
57.67
85.72
60.6
111.63
62.34
62.86
74.21
55.25
70.85
57.01
49.59
71.27
59.78
61.34
54.89
50.79
76.3
78.34
63.4
70.97
57.05
39.38
60.81
45.43
27.09
28.49
17.8
15.59
22.83
15.45
29.04
24.59
28.04
27.66
52.3
51.74
49.0
71.08
60.72
71.24
79.78
48.61
96.97
57.68
56.02
67.29
79.29
58.96
63.2
47.81
55.77
68.73
59.46
100.5
42.76
58.9
26.79
49.68
43.85
54.26
27.13
28.32
90.75
39.51
48.37
58.15
96.92
50.0
111.53
52.42
63.57
72.2
67.99
68.31
57.86
48.05
73.07
55.71
61.36
55.2
53.41
73.32
83.22
74.36
62.85
67.05
41.0
58.83
50.69
26.91
29.01
16.61
17.74
21.03
17.47
28.84
24.03
28.4
26.98
52.6
53.09
52.05
79.66
59.31
73.33
66.52
60.61
103.26
68.35
65.53
61.53
110.5
43.79
66.42
46.29
55.78
71.48
61.03
101.51
43.18
56.86
27.12
47.49
42.96
58.45
26.44
28.19
90.1
51.57
50.79
57.24
92.02
59.67
108.61
50.58
62.01
79.58
45.13
69.28
53.43
53.07
74.56
62.46
59.9
54.27
54.06
75.56
80.06
61.19
72.43
57.55
40.05
61.73
42.45
27.85
27.0
18.56
15.71
20.98
15.74
28.95
23.52
28.65
29.28
52.32
54.35
49.96
75.55
62.1
67.93
81.55
47.61
97.58
52.62
47.86
68.53
91.66
45.27
64.29
48.1
55.63
71.44
43.19
104.01
50.79
51.48
30.95
46.05
43.03
53.98
28.26
27.78
90.0
41.4
47.38
61.0
82.39
60.82
108.24
50.36
67.55
83.3
57.36
63.48
62.76
48.99
67.05
69.93
57.05
56.67
49.61
77.51
69.07
75.27
74.82
55.5
40.38
63.3
44.16
28.55
28.14
15.41
17.75
21.33
15.4
28.59
22.84
28.81
29.01
52.18
59.27
