470.568000002 0.009260982201673163
470.718000002 0.0080598786527479
470.862000002 0.014014140191273868
471.006000002 0.01258211464076353
471.148000002 0.025786362068008255
471.294000002 0.021915084130806672
471.436000002 0.026904900939920658
471.568000002 0.019415756005233833
471.716000002 0.017769330781489023
471.862000002 0.013072855347791078
472.004000002 0.01137082552610515
472.144000002 0.033864120432657206
472.284000002 0.8344848287141409
472.434000002 0.8012902462632903
472.578000002 0.7911782659946994
472.716000002 0.0904144292809717
472.860000002 0.10089890116907613
473.004000002 0.7696916303769684
473.140000002 0.10325651816266397
473.292000002 0.11016562479512296
473.432000002 0.11700610344458692
473.578000002 2.378461827309212
473.712000002 0.11424264727039758
473.856000002 0.14244676107745355
473.998000002 0.7765122828101221
474.148000002 0.12896882635353418
474.288000002 0.1086287590771627
474.436000002 0.09283246804401286
474.588000002 0.08288900634252098
474.732000002 0.07447466696794089
474.872000002 0.06096150150931137
475.020000002 0.05397867104023786
475.164000002 0.04373120805444547
475.304000002 0.03708789511025741
475.452000002 0.04747938332831554
475.580000002 0.04058436390874086
475.728000002 0.02743638691381012
475.868000002 0.018747112791090877
476.016000002 0.023303683771881172
476.152000002 0.02207311905375586
476.296000002 0.022255133973700558
476.436000002 0.021004313372348267
476.576000002 0.023193890736288136
476.716000002 0.019744722235237436
476.862000002 0.018902839160406578
477.004000002 0.019942465879184725
477.234000002 0.023052347962937394
477.370000002 0.02326669931429419
477.414000002 0.7894372739857161
477.520000002 0.1107430438589787
477.666000002 0.8716647384890256
477.810000002 0.7944435096410781
477.954000002 0.7898199134740858
478.100000002 0.06565111954352928
478.244000002 0.05710773968469361
478.392000002 0.04795554145959028
478.530000002 0.04178827234021229
478.664000002 0.031604949870271445
478.812000002 0.022366663866812752
478.958000002 0.012016841391372612
479.098000002 0.007954253549632142
479.242000002 0.006689426952059453
479.384000002 0.00900213946322649
479.538000002 0.012010866963935116
479.672000002 0.00982328707412699
479.816000002 0.00878720546582688
479.962000002 0.009260982201673163
480.106000002 0.0080598786527479
480.250000002 0.014014140191273868
480.392000002 0.01258211464076353
480.532000002 0.025786362068008255
480.682000002 0.021915084130806672
480.822000002 0.026904900939920658
480.962000002 0.019415756005233833
481.102000002 0.017769330781489023
481.252000002 0.013072855347791078
481.392000002 0.01137082552610515
481.536000002 0.033864120432657206
481.672000002 0.8344848287141409
481.822000002 0.8012902462632903
481.968000002 0.7911782659946994
482.104000002 0.0904144292809717
482.252000002 0.10089890116907613
482.390000002 0.7696916303769684
482.526000002 0.10325651816266397
482.676000002 0.11016562479512296
482.820000002 0.11700610344458692
482.958000002 2.378461827309212
483.102000002 0.11424264727039758
483.250000002 0.14244676107745355
483.408000002 0.7765122828101221
483.536000002 0.12896882635353418
483.680000002 0.1086287590771627
483.826000002 0.09283246804401286
483.982000002 0.08288900634252098
484.130000002 0.07447466696794089
484.272000002 0.06096150150931137
484.412000002 0.05397867104023786
484.550000002 0.04373120805444547
484.690000002 0.03708789511025741
484.830000002 0.04747938332831554
484.980000002 0.04058436390874086
485.118000002 0.02743638691381012
485.262000002 0.018747112791090877
485.404000002 0.023303683771881172
485.544000002 0.02207311905375586
485.686000002 0.022255133973700558
485.822000002 0.021004313372348267
485.964000002 0.023193890736288136
486.108000002 0.019744722235237436
486.252000002 0.018902839160406578
486.396000002 0.019942465879184725
486.622000002 0.023052347962937394
486.756000002 0.02326669931429419
486.758000002 0.7894372739857161
486.906000002 0.1107430438589787
487.054000002 0.8716647384890256
487.200000002 0.7944435096410781
487.344000002 0.7898199134740858
487.494000002 0.06565111954352928
487.634000002 0.05710773968469361
487.746000002 0.04795554145959028
487.916000002 0.04178827234021229
488.056000002 0.031604949870271445
488.198000002 0.022366663866812752
488.352000002 0.012016841391372612
488.484000002 0.007954253549632142
488.630000002 0.006689426952059453
488.772000002 0.00900213946322649
488.924000002 0.012010866963935116
489.062000002 0.00982328707412699
489.204000002 0.00878720546582688
489.352000002 0.009260982201673163
489.494000002 0.0080598786527479
489.636000002 0.014014140191273868
489.784000002 0.01258211464076353
489.928000002 0.025786362068008255
490.070000002 0.021915084130806672
490.214000002 0.026904900939920658
490.356000002 0.019415756005233833
490.498000002 0.017769330781489023
490.644000002 0.013072855347791078
490.788000002 0.01137082552610515
490.936000002 0.033864120432657206
491.062000002 0.8344848287141409
491.220000002 0.8012902462632903
491.352000002 0.7911782659946994
491.506000002 0.0904144292809717
491.640000002 0.10089890116907613
491.780000002 0.7696916303769684
491.922000002 0.10325651816266397
492.066000002 0.11016562479512296
492.210000002 0.11700610344458692
492.350000002 2.378461827309212
492.494000002 0.11424264727039758
492.640000002 0.14244676107745355
492.786000002 0.7765122828101221
492.928000002 0.12896882635353418
493.074000002 0.1086287590771627
493.218000002 0.09283246804401286
493.364000002 0.08288900634252098
493.510000002 0.07447466696794089
493.662000002 0.06096150150931137
493.800000002 0.05397867104023786
493.938000002 0.04373120805444547
494.082000002 0.03708789511025741
494.226000002 0.04747938332831554
494.352000002 0.04058436390874086
494.484000002 0.02743638691381012
494.630000002 0.018747112791090877
494.770000002 0.023303683771881172
494.914000002 0.02207311905375586
495.050000002 0.022255133973700558
495.196000002 0.021004313372348267
495.342000002 0.023193890736288136
495.480000002 0.019744722235237436
495.624000002 0.018902839160406578
