9.756 0.04878046592474064
10.044 0.054246765051201115
10.188 0.06048896682717268
10.404 0.06888287975292587
10.728 0.06954795119853503
10.926 0.14043664568666692
11.112 0.13625129148177878
11.358 0.06349478195473664
11.628 0.09585230536441813
11.844 0.13708952245263323
12.06 0.13887597657685297
12.33 0.18187521278909163
12.528 0.1990734322108381
12.78 0.28403428781416984
13.05 0.20886570958637093
13.266 0.20631391406113528
13.518 0.11293944200262547
13.698 0.13232607856428086
13.95 0.12933775677996096
14.184 0.14436979841887873
14.472 0.17658199815023484
14.67 0.12311958011298965
14.912 0.07296692109239628
15.12 0.1628719949604847
15.39 0.11891387196267089
15.588 0.19872842332436816
15.824 0.030082817528581145
16.128 0.14275479271732644
16.308 0.08512159872290506
16.668 0.05501412710613871
16.866 0.054882755833266864
17.082 0.05693927308069098
17.334 0.14273597414771086
17.496 0.14255144379306592
17.798000000000002 0.13607255389803782
18.036 0.15970480455564132
18.252 0.13874606957226943
18.426 0.14104759194857358
18.756 0.05480253596061845
18.936 0.03041941516614835
19.188 0.06809891194552664
19.386 0.054965674522542585
19.656 0.11969631603072893
19.854 0.04239793504637
20.07 0.1231305102900003
20.322 0.12808827340243
20.538 0.12449951009142506
20.826 0.11413550462486338
21.114 0.21312395507542212
21.276 0.046903568052902
21.582 0.04576614409109268
21.78 0.05902583809603103
21.96 0.06099885208502053
22.216 0.05079554964506842
22.472 0.06322431132003721
22.698 0.08131960765803942
22.972 0.043648435659115296
23.184 0.03319227136037083
23.41 0.05562014617659345
23.688 0.03363165476437047
23.85 0.068353376573141
24.12 0.0065725710182242695
24.372 0.014825863116777936
24.534 0.007361072717115064
24.822 0.021722800511579692
25.02 0.18790309929060528
25.254 0.2078143354849237
25.486 0.2071999095831128
25.758 0.09930280369855904
25.92 0.1690066608146104
26.172 0.08028449845136493
26.334 0.1108927973376986
26.622 0.14630104327620813
26.82 0.28160465155804687
27.144 0.19551645196237197
27.27 0.11951610485713034
27.486 0.12237114725438543
27.738 0.1502197589657937
27.99 0.09043695208412338
28.17 0.2199904356769373
28.404 0.029035801216847897
28.674 0.059959659482448746
28.86 0.05508631519040806
29.088 0.05492905184402706
29.322 0.058929659574196984
29.57 0.07985724558889383
29.772 0.069632994332451
30.024 0.015495183598340343
30.242 0.05966392315388775
30.474 0.12322360795791723
30.636 0.17114148505368693
30.87 0.1401689090921765
31.086 0.14402459614368218
31.356 0.014665963260428745
31.522 0.02814631718542411
31.836 0.09283297901259412
32.004 0.09417966916531599
32.256 0.1443629846198218
32.508 0.1021677407696356
32.706 0.1067358555751844
32.958 0.11316270260864106
33.174 0.14408299302937327
33.372 0.02086046799776088
33.606 0.021821476299546286
33.858 0.13896710025777292
34.128 0.07606259943111478
34.326 0.09833612473915905
34.614 0.14901681292061708
34.794 0.12322384684805128
35.018 0.12166758078054764
35.316 0.07856444217769118
35.514 0.07242405543215559
35.73 0.1602293837115192
36.018 0.21016175402521886
36.198 0.1460844181302498
36.458 0.28428681296860586
36.756 0.13721574392201039
36.89 0.21677377461067346
37.118 0.22135084164850677
37.386 0.08155828080356772
37.566 0.08119418382062271
37.8 0.21868703161659442
38.034 0.1377025273545315
38.268 0.13390557471343484
38.484 0.021417117211402832
38.772 0.12132970375023454
39.042 0.09062574499415109
39.24 0.11203348735924842
39.438 0.11373248299256923
39.67 0.054878715553035216
39.888 0.05491020618420987
40.14 0.022564049475854626
40.356 0.020491351896311495
40.59 0.03561702154801584
40.806 0.14839697655258344
41.058 0.03513308584862249
41.256 0.042151717564113206
41.496 0.09859800056131544
41.652 0.013016688803442776
41.958 0.23717512679628305
42.208 0.3380258819232245
42.426 0.14818672518634568
42.624 0.14428461231846676
42.822 0.04913809110534843
43.128 0.022948028883808036
43.29 0.05822288023249441
43.524 0.09048521280002911
43.79 0.07291101994508184
43.992 0.07195337341637395
44.242 0.08803439665890211
44.478 0.03035762631844776
44.73 0.021458999738914675
44.91 0.030368864280348195
45.14 0.11648827092775296
45.396 0.08100953139534818
45.648 0.07451148997238882
45.918 0.06912992680284247
46.096 0.10079973606195738
46.368 0.12533795805483208
46.664 0.1435331073000845
46.782 0.055380047635846134
47.106 0.11054951426595615
47.286 0.06616120831503303
47.538 0.12873425399696672
47.79 0.08572521704285327
48.042 0.004354919866688062
48.286 0.056898634502594754
48.518 0.032888206571988834
48.798 0.09216381480713301
48.988 0.028493454316688937
49.23 0.006501450664493249
49.464 0.006308557853036293
49.698 0.043964474603875744
49.972 0.120522427845564
50.166 0.1764516710173725
50.452 0.10723200953470312
50.688 0.05101183779251287
50.846 0.08848514486854006
51.102 0.09474085488408075
51.3 0.09751235167959259
51.588 0.10298088419073918
51.822 0.09628230381869918
52.016 0.0949215993043014
52.256 0.0813066484302846
52.506 0.0747131351231922
52.686 0.07296373057336804
52.92 0.0799537064534503
53.19 0.09901816614327932
53.442 0.09606658529739502
53.622 0.09546094139459053
53.856 0.09794943308026292
54.09 0.08745898876075024
54.326 0.08378390435716696
54.576 0.08847324107882622
54.792 0.09498172953711448
55.026 0.09491095903462737
55.26 0.0950140653414836
55.494 0.08856146755503246
55.71 0.0897704604264901
56.016 0.10141871861356673
56.268 0.10310942257085105
56.484 0.10061357335940989
56.754 0.10319192444865852
56.934 0.08517220789631624
57.186 0.06911039404467213
57.438 0.05672075816128216
57.636 0.03952625350367054
57.89 0.04569572029486898
58.068 0.04150776861397078
58.302 0.048423160137507554
58.536 0.057957152126985545
58.842 0.06262448059740902
59.058 0.06203532177386356
59.256 0.051331070624139205
59.562 0.021771384458266207
59.796 0.03742849830111101
59.994 0.03651901800865905
60.206 0.034639249429868214
60.524 0.013736488698687545
60.678 0.02351906680209013
60.948 0.045642900624942306
61.182 0.047387160994422785
61.416 0.05328334453236345
61.596 0.06782501080760439
61.848 0.08462367301160191
62.088 0.07105484105654247
62.334 0.0825931999913094
62.55 0.08160512670174853
62.784 0.07676012078969785
63.018 0.07945869200493624
63.288 0.08409899937411394
63.522 0.07879658503793345
63.774 0.07093064107135655
64.008 0.0662532158835622
64.242 0.06089587636544905
64.476 0.06867318220709072
64.692 0.06430571409012191
64.926 0.06439890966030119
65.168 0.06387200475774399
65.412 0.07873536283798535
65.682 0.09851532371140762
65.898 0.09973169902182198
66.168 0.10357184171263469
66.348 0.11090065268015284
66.582 0.10741613806261249
66.816 0.10642844536435239
67.068 0.11213733669429941
67.302 0.10115243494493399
67.536 0.07092051440948897
67.788 0.062464779851549475
68.076 0.04276820055961904
68.292 0.05032662149879337
68.49 0.05328058591103727
68.742 0.0672974156792736
69.012 0.06979308969786585
69.192 0.07088600837039194
69.452 0.09424631046877101
69.696 0.07592362653114745
69.984 0.05249150038019253
70.182 0.057732960086283834
70.362 0.04434572077844876
70.668 0.0547702775849504
70.866 0.08558706061232496
71.1 0.08326029399191649
71.352 0.06391742231769718
71.604 0.04873908234616384
71.838 0.043490611961892335
72.09 0.06997456232864734
72.27 0.0685204285160356
72.522 0.1015840485223226
72.766 0.0994254118443839
73.08 0.0707054078862029
73.296 0.0645340818155888
73.53 0.04073349429247468
73.836 0.05629316986386581
74.25 0.05225921295456153
74.574 0.06003105547771002
74.862 0.1679302671953859
75.132 0.029250003114353173
75.41 0.0857421139492322
75.798 0.132541791397044
76.158 0.1946326749246055
76.594 0.023608501656837276
76.902 0.040870018062916416
77.31 0.05330988898812533
77.642 0.06647454009435529
77.958 0.034823532704516005
78.264 0.04210023582436306
78.588 0.03528772195875491
78.984 0.10597156045722073
79.2 0.11702007364216048
79.656 0.13670147242830077
79.938 0.11713395013264821
80.148 0.13173039991191735
80.478 0.08797327343687919
80.766 0.12375023623972313
81.108 0.1388752790859137
81.378 0.05323032780597085
81.702 0.04243099910910962
81.99 0.01551640131172127
