780.821999995 0.08786450765169602
781.379999995 0.027873486849601385
781.759999995 0.019298978603532108
782.045999995 0.02324785469550863
782.441999995 0.02455538190474834
783.017999995 0.0179985052060088
783.395999995 0.015333437967730927
783.701999995 0.0819540164430083
783.809999995 0.09787524631806378
783.863999995 0.09977072693124686
783.971999995 0.1035068932498189
784.151999995 0.10780750714716211
784.295999995 0.10864281673052775
784.457999995 0.10995660411234007
784.757999995 0.11006722254267959
784.925999995 0.1083558994383532
785.249999995 0.1051048064990561
785.597999995 0.10519734206625438
785.973999995 0.09636691088347436
786.291999995 0.09541471280195477
786.743999995 0.09044324547478172
787.067999995 0.07959240025328768
787.427999995 0.02560349941920764
787.787999995 0.017238668099147487
788.039999995 0.015518071061048076
788.111999995 0.015011137446207105
788.267999995 0.015481474355342107
788.403999995 0.018413085073381255
788.561999995 0.052212072583039955
788.651999995 0.07832335109587191
788.831999995 0.09509869657072499
789.209999995 0.08692465837257145
789.539999995 0.08437508348591423
789.857999995 0.020496506899615564
790.307999995 0.016273617209607835
790.835999995 0.016759175371237653
791.369999995 0.01684435751914552
791.693999995 0.019813038992228624
792.035999995 0.02057215038385098
792.413999995 0.015906213318425913
792.683999995 0.06166659937510722
792.845999995 0.09577574393262869
792.953999995 0.09580107038385274
793.043999995 0.09709512132956599
793.115999995 0.0982395884896609
793.223999995 0.09855957370151826
793.421999995 0.10432762775530757
793.511999995 0.10554737126521506
793.691999995 0.10800285781604446
793.835999995 0.10868638109302631
794.105999995 0.10896009670318672
794.249999995 0.10906729414832429
794.519999995 0.10660955472319936
794.857999995 0.10226594441252009
795.221999995 0.09638895044866158
795.509999995 0.09451751087321465
795.905999995 0.08927577702071375
796.253999995 0.0657559112801063
796.499999995 0.033949464873802807
796.913999995 0.01808130372778198
797.111999995 0.018757711578425477
797.381999995 0.01569786513702359
797.471999995 0.015298910260326865
797.601999995 0.035630920669040216
797.741999995 0.08404975595598208
797.903999995 0.09232953823959049
798.029999995 0.09228840800468299
798.173999995 0.0908004139302169
798.587999995 0.08691963202397507
798.785999995 0.08721193268848888
