470.568000002 0.11007902306181434
470.718000002 0.11007902306181434
470.862000002 0.11007902306181434
471.006000002 0.11007902306181434
471.148000002 0.11007902306181434
471.294000002 0.10915657676224584
471.436000002 0.0859431694332883
471.568000002 0.07612369819716154
471.716000002 0.0521301710486146
471.862000002 0.03067337613065476
472.004000002 0.022588368041024633
472.144000002 0.024163008795916742
472.284000002 0.02145092521646618
472.434000002 0.018549804279902764
472.578000002 0.017715307897831496
472.716000002 0.017832057351995494
472.860000002 0.017833892836499547
473.004000002 0.01784018754373183
473.140000002 0.017854801625572753
473.292000002 0.01802485263150914
473.432000002 0.017630048089616237
473.578000002 0.01777590680993989
473.712000002 0.0277342360452553
473.856000002 0.0857349358586012
473.998000002 0.11157241834124428
474.148000002 0.1085445622422604
474.288000002 0.09811426556098403
474.436000002 0.09780456547587946
474.588000002 0.10525538285145508
474.732000002 0.10989026009397465
474.872000002 0.1098579656077932
475.020000002 0.107701509885967
475.164000002 0.10734234467900464
475.304000002 0.10557828173734987
475.452000002 0.10360639826770492
475.580000002 0.10267027102038198
475.728000002 0.10143088549348023
475.868000002 0.09861024225626433
476.016000002 0.09735766815872106
476.152000002 0.09748739791324565
476.296000002 0.09756947789034959
476.436000002 0.09541126788961862
476.576000002 0.09373322896703529
476.716000002 0.09160075276414238
476.862000002 0.09182509218082091
477.004000002 0.0919161211639402
477.234000002 0.09201421618731126
477.370000002 0.0920860948565943
477.414000002 0.09209248049706362
477.520000002 0.09214375321685829
477.666000002 0.09217421586141251
477.810000002 0.08359286593096495
477.954000002 0.046359412035421085
478.100000002 0.02100820530867363
478.244000002 0.022855709675546735
478.392000002 0.06480612451558122
478.530000002 0.09351665870766711
478.664000002 0.09212657855080679
478.812000002 0.09257349547384143
478.958000002 0.1032493294902456
479.098000002 0.093156169947036
479.242000002 0.08751062979283988
479.384000002 0.0905325357381967
479.538000002 0.09109552904696784
479.672000002 0.10366803763456492
479.816000002 0.13036732543563273
479.962000002 0.11251939166206339
480.106000002 0.08221495893035877
480.250000002 0.060461405719817264
480.392000002 0.032512715364417945
480.532000002 0.020156549791847812
480.682000002 0.020494324174090455
480.822000002 0.02051358659502616
480.962000002 0.020211571218335216
481.102000002 0.021381513070148073
481.252000002 0.018881663964655335
481.392000002 0.018957889546233012
481.536000002 0.019011580676999942
481.672000002 0.019072801845540718
481.822000002 0.018936652567787114
481.968000002 0.019888639868590862
482.104000002 0.01714888129785164
482.252000002 0.01654934178677343
482.390000002 0.016614016190762353
482.526000002 0.01683403690110803
482.676000002 0.01718414319442531
482.820000002 0.017404500448427094
482.958000002 0.019460086030308417
483.102000002 0.0636934852755336
483.250000002 0.09787977377372531
483.408000002 0.1022793333038425
483.536000002 0.10582341945130672
483.680000002 0.10661210762875714
483.826000002 0.10807641140052701
483.982000002 0.1104330067436269
484.130000002 0.11002246393570775
484.272000002 0.10909101644843516
484.412000002 0.10815619951092695
484.550000002 0.10669089507866915
484.690000002 0.10497961049585731
484.830000002 0.10254479692953987
484.980000002 0.0988317768163575
485.118000002 0.09789218684988991
485.262000002 0.09607929472322109
485.404000002 0.09404172781789032
485.544000002 0.0937984240659591
485.686000002 0.09394159320729258
485.822000002 0.09376288116944623
485.964000002 0.092394411559418
486.108000002 0.0906853056413709
486.252000002 0.09030733996176936
486.396000002 0.09045307619440962
486.622000002 0.09056433448982093
486.756000002 0.09064122175820966
486.758000002 0.09064122175820966
486.906000002 0.08512151774527886
487.054000002 0.04942264668533463
487.200000002 0.024579952421271995
487.344000002 0.024666738696753916
487.494000002 0.024867753004689866
487.634000002 0.025031762426045934
487.746000002 0.02508548298296015
487.916000002 0.020797185632243444
488.056000002 0.01960201447389342
488.198000002 0.01952689101026446
488.352000002 0.020032565073668636
488.484000002 0.06721114433443318
488.630000002 0.11033999529924535
488.772000002 0.10934931714983272
488.924000002 0.1094998215839229
489.062000002 0.10951834620081251
489.204000002 0.0774104169736096
489.352000002 0.06182037621482582
489.494000002 0.06912200450913174
489.636000002 0.06887508494293229
489.784000002 0.06894202013528186
489.928000002 0.06376233187954765
490.070000002 0.036904028420153535
490.214000002 0.019881065901782385
490.356000002 0.02050214030179894
490.498000002 0.020512582456542205
490.644000002 0.020507775306200356
490.788000002 0.020716899716219976
490.936000002 0.018905882724318313
491.062000002 0.017671891802368757
491.220000002 0.017550777972223677
491.352000002 0.016283018019597684
491.506000002 0.016706897717386645
491.640000002 0.016971020182432812
491.780000002 0.016982314961684664
491.922000002 0.016990828536744145
492.066000002 0.017871870906224052
492.210000002 0.01732508501577338
492.350000002 0.0177006410509862
492.494000002 0.017667023308498835
492.640000002 0.046777924972495395
492.786000002 0.08687650619580056
492.928000002 0.09900320716833666
493.074000002 0.10754069781442264
493.218000002 0.10827239198042296
493.364000002 0.10881614571973577
493.510000002 0.10982462074234198
493.662000002 0.10820437664146491
493.800000002 0.10735097054443402
493.938000002 0.10691778222201212
494.082000002 0.10539087655130078
494.226000002 0.10432485556381942
494.352000002 0.1036372331553112
494.484000002 0.10287831394918438
494.630000002 0.10258181169947234
494.770000002 0.09851461884585129
494.914000002 0.09456502296393735
495.050000002 0.09468583651491642
495.196000002 0.09471612870786508
495.342000002 0.09274936953147224
495.480000002 0.09093869508144771
495.624000002 0.09031745166605602
